 -2.08515900000E-02   0.00000000000E+00   0.00000000000E+00
  9.21500000000E-05   0.00000000000E+00   0.00000000000E+00
 -6.54210000000E-04  -1.51160000000E-04  -1.51160000000E-04
 -6.44480000000E-04   1.45510000000E-04  -1.45510000000E-04
  9.21500000000E-05   0.00000000000E+00   0.00000000000E+00
 -6.01950000000E-04   0.00000000000E+00   0.00000000000E+00
 -6.44480000000E-04  -1.45510000000E-04   1.45510000000E-04
 -6.54210000000E-04   1.51160000000E-04   1.51160000000E-04
  5.17344000000E-03   3.78188000000E-03   3.78188000000E-03
 -9.47400000000E-05   6.83300000000E-05   4.26300000000E-05
  3.09860000000E-04  -3.55600000000E-05  -3.55600000000E-05
 -9.47400000000E-05  -4.26300000000E-05  -6.83300000000E-05
 -9.47400000000E-05   4.26300000000E-05   6.83300000000E-05
  3.09860000000E-04   3.55600000000E-05   3.55600000000E-05
 -9.47400000000E-05  -6.83300000000E-05  -4.26300000000E-05
  5.17344000000E-03  -3.78188000000E-03  -3.78188000000E-03
  3.27060000000E-04   1.50850000000E-04   3.01070000000E-04
  3.27060000000E-04  -1.50850000000E-04  -3.01070000000E-04
  3.27060000000E-04   3.01070000000E-04   1.50850000000E-04
  6.33200000000E-05  -1.09170000000E-04   7.72000000000E-06
  6.33200000000E-05   7.72000000000E-06  -1.09170000000E-04
  6.33200000000E-05  -7.72000000000E-06   1.09170000000E-04
  3.27060000000E-04  -3.01070000000E-04  -1.50850000000E-04
  6.33200000000E-05   1.09170000000E-04  -7.72000000000E-06
  2.01300000000E-05  -3.93400000000E-05   4.02800000000E-05
 -2.30000000000E-05  -4.48800000000E-05   4.48800000000E-05
  2.01300000000E-05   4.02800000000E-05  -3.93400000000E-05
 -4.98900000000E-05   3.46900000000E-05  -3.46900000000E-05
 -4.98900000000E-05  -3.46900000000E-05   3.46900000000E-05
  2.01300000000E-05  -4.02800000000E-05   3.93400000000E-05
 -2.30000000000E-05   4.48800000000E-05  -4.48800000000E-05
  2.01300000000E-05   3.93400000000E-05  -4.02800000000E-05
  4.67600000000E-05   0.00000000000E+00   0.00000000000E+00
  1.74500000000E-05   0.00000000000E+00   0.00000000000E+00
  9.22000000000E-06  -2.49400000000E-05  -2.49400000000E-05
  2.06800000000E-05   4.30000000000E-07  -4.30000000000E-07
  1.74500000000E-05   0.00000000000E+00   0.00000000000E+00
  5.21600000000E-05   0.00000000000E+00   0.00000000000E+00
  2.06800000000E-05  -4.30000000000E-07   4.30000000000E-07
  9.22000000000E-06   2.49400000000E-05   2.49400000000E-05
 -4.58800000000E-05   6.02700000000E-05   6.02700000000E-05
  1.07700000000E-05   3.69300000000E-05   3.14300000000E-05
 -4.17900000000E-05  -4.36300000000E-05  -4.36300000000E-05
  1.07700000000E-05  -3.14300000000E-05  -3.69300000000E-05
  1.07700000000E-05   3.14300000000E-05   3.69300000000E-05
 -4.17900000000E-05   4.36300000000E-05   4.36300000000E-05
  1.07700000000E-05  -3.69300000000E-05  -3.14300000000E-05
 -4.58800000000E-05  -6.02700000000E-05  -6.02700000000E-05
  3.14700000000E-04   1.46240000000E-04  -2.91040000000E-04
  3.14700000000E-04  -1.46240000000E-04   2.91040000000E-04
  3.14700000000E-04  -2.91040000000E-04   1.46240000000E-04
  8.80500000000E-05   8.52900000000E-05   1.76500000000E-05
  8.80500000000E-05   1.76500000000E-05   8.52900000000E-05
  8.80500000000E-05  -1.76500000000E-05  -8.52900000000E-05
  3.14700000000E-04   2.91040000000E-04  -1.46240000000E-04
  8.80500000000E-05  -8.52900000000E-05  -1.76500000000E-05
 -1.06040000000E-04  -5.57700000000E-05   6.26200000000E-05
  4.96394000000E-03  -3.38408000000E-03   3.38408000000E-03
 -1.06040000000E-04   6.26200000000E-05  -5.57700000000E-05
  3.03290000000E-04   4.07600000000E-05  -4.07600000000E-05
  3.03290000000E-04  -4.07600000000E-05   4.07600000000E-05
 -1.06040000000E-04  -6.26200000000E-05   5.57700000000E-05
  4.96394000000E-03   3.38408000000E-03  -3.38408000000E-03
 -1.06040000000E-04   5.57700000000E-05  -6.26200000000E-05
 -2.08983800000E-02  -2.08983800000E-02  -2.10049000000E-03
  9.19000000000E-05   9.19000000000E-05  -6.70000000000E-07
 -5.02160000000E-04   1.80520000000E-04   1.43470000000E-04
 -7.96550000000E-04   4.66040000000E-04  -4.51280000000E-04
  9.18300000000E-05   4.63500000000E-05   4.80000000000E-07
 -6.01650000000E-04   1.71700000000E-05  -2.02000000000E-06
 -4.98800000000E-04   1.65570000000E-04  -1.52430000000E-04
 -7.99560000000E-04   4.71180000000E-04   4.37140000000E-04
  9.35864000000E-03   9.35864000000E-03   8.14699000000E-03
 -3.01700000000E-05  -3.01700000000E-05   9.53600000000E-05
  2.69640000000E-04  -1.84000000000E-05   2.02000000000E-06
 -1.48720000000E-04  -7.69900000000E-05  -1.46100000000E-05
 -4.04600000000E-05   7.67000000000E-06   1.22630000000E-04
  3.46060000000E-04   4.91900000000E-05   7.03000000000E-05
 -1.61740000000E-04  -1.63140000000E-04   7.71000000000E-06
  1.40199000000E-03   1.58610000000E-03   1.48980000000E-04
  1.80520000000E-04  -5.02160000000E-04   1.43470000000E-04
  4.66040000000E-04  -7.96550000000E-04  -4.51280000000E-04
  6.39350000000E-04   6.39350000000E-04   2.98680000000E-04
 -3.43000000000E-05  -3.43000000000E-05   1.83100000000E-05
  4.95300000000E-05   2.13900000000E-05  -1.23160000000E-04
  7.70900000000E-05   7.46000000000E-06   9.43400000000E-05
  2.25000000000E-05   2.66000000000E-05  -8.13000000000E-06
  1.61770000000E-04   1.83690000000E-04   2.78000000000E-06
 -1.84000000000E-05   2.69640000000E-04   2.02000000000E-06
 -7.69900000000E-05  -1.48720000000E-04  -1.46100000000E-05
  6.01200000000E-05   6.01200000000E-05  -7.67800000000E-05
 -1.19200000000E-05  -1.19200000000E-05  -7.27200000000E-05
 -8.89100000000E-05  -8.14800000000E-05  -3.81000000000E-06
 -1.75900000000E-05  -2.39100000000E-05   4.68000000000E-06
  2.80700000000E-05  -5.50500000000E-05  -1.06600000000E-04
  5.75200000000E-05   3.42870000000E-04  -7.78600000000E-05
  4.63500000000E-05   9.18300000000E-05   4.80000000000E-07
  1.71700000000E-05  -6.01650000000E-04  -2.02000000000E-06
  2.13900000000E-05   4.95300000000E-05  -1.23160000000E-04
  7.46000000000E-06   7.70900000000E-05   9.43400000000E-05
  1.70200000000E-05   1.70200000000E-05  -4.20000000000E-07
  5.18700000000E-05   5.18700000000E-05  -1.01000000000E-06
  3.32200000000E-05   7.60300000000E-05   9.63700000000E-05
 -3.49000000000E-06   9.92300000000E-05  -7.46700000000E-05
  7.67000000000E-06  -4.04600000000E-05   1.22630000000E-04
  4.91900000000E-05   3.46060000000E-04   7.03000000000E-05
 -8.14800000000E-05  -8.89100000000E-05  -3.81000000000E-06
 -2.39100000000E-05  -1.75900000000E-05   4.68000000000E-06
  4.24100000000E-05   4.24100000000E-05   7.47700000000E-05
 -1.85000000000E-06  -1.85000000000E-06   8.38600000000E-05
 -2.72100000000E-05   2.66370000000E-04   6.59000000000E-06
 -9.73300000000E-05  -1.57790000000E-04   4.43000000000E-06
  1.65570000000E-04  -4.98800000000E-04  -1.52430000000E-04
  4.71180000000E-04  -7.99560000000E-04   4.37140000000E-04
  2.66000000000E-05   2.25000000000E-05  -8.13000000000E-06
  1.83690000000E-04   1.61770000000E-04   2.78000000000E-06
  7.60300000000E-05   3.32200000000E-05   9.63700000000E-05
  9.92300000000E-05  -3.49000000000E-06  -7.46700000000E-05
  5.94200000000E-04   5.94200000000E-04  -2.92770000000E-04
 -9.17000000000E-06  -9.17000000000E-06  -3.24500000000E-05
 -1.63140000000E-04  -1.61740000000E-04   7.71000000000E-06
  1.58610000000E-03   1.40199000000E-03   1.48980000000E-04
 -5.50500000000E-05   2.80700000000E-05  -1.06600000000E-04
  3.42870000000E-04   5.75200000000E-05  -7.78600000000E-05
  2.66370000000E-04  -2.72100000000E-05   6.59000000000E-06
 -1.57790000000E-04  -9.73300000000E-05   4.43000000000E-06
  7.98527000000E-03   7.98527000000E-03  -6.28032000000E-03
 -4.67200000000E-05  -4.67200000000E-05  -1.15090000000E-04
 -2.15120700000E-02   1.52700000000E-04   1.52700000000E-04
 -5.54010000000E-04  -1.44190000000E-04   1.44230000000E-04
 -2.14963200000E-02  -1.62770000000E-04  -1.62770000000E-04
 -5.53060000000E-04   1.45510000000E-04  -1.44840000000E-04
 -5.54010000000E-04   1.44230000000E-04  -1.44190000000E-04
 -1.25643000000E-03  -1.51810000000E-04  -1.51810000000E-04
 -5.53060000000E-04  -1.44840000000E-04   1.45510000000E-04
 -1.25738000000E-03   1.51160000000E-04   1.51160000000E-04
  1.03475000000E-02   7.10000000000E-06   7.10000000000E-06
 -1.96320000000E-04   7.70000000000E-06  -1.10900000000E-05
  5.47969000000E-03   3.73870000000E-03   3.73870000000E-03
 -1.97060000000E-04   1.84500000000E-05  -1.43300000000E-05
 -1.96320000000E-04  -1.10900000000E-05   7.70000000000E-06
  6.20740000000E-04  -2.83000000000E-06  -2.83000000000E-06
 -1.97060000000E-04  -1.43300000000E-05   1.84500000000E-05
  5.48611000000E-03  -3.74224000000E-03  -3.74224000000E-03
  6.53150000000E-04  -1.51100000000E-04   1.51450000000E-04
  4.01100000000E-04  -5.39700000000E-05  -3.13740000000E-04
  6.53150000000E-04   1.51450000000E-04  -1.51100000000E-04
  3.87640000000E-04   4.27800000000E-05   3.08180000000E-04
  3.87640000000E-04   3.08180000000E-04   4.27800000000E-05
  1.37820000000E-04  -1.03900000000E-04   1.21720000000E-04
  4.01100000000E-04  -3.13740000000E-04  -5.39700000000E-05
  1.37820000000E-04   1.21720000000E-04  -1.03900000000E-04
 -1.28500000000E-05   1.38800000000E-05  -1.20400000000E-05
 -4.65000000000E-06  -5.54000000000E-06   7.96000000000E-06
 -1.28500000000E-05  -1.20400000000E-05   1.38800000000E-05
 -3.21700000000E-05  -4.65000000000E-06   2.63000000000E-06
 -3.21700000000E-05   2.63000000000E-06  -4.65000000000E-06
 -2.49100000000E-05  -1.11000000000E-06   2.80000000000E-07
 -4.65000000000E-06   7.96000000000E-06  -5.54000000000E-06
 -2.49100000000E-05   2.80000000000E-07  -1.11000000000E-06
  5.97000000000E-05   1.25500000000E-05   1.25500000000E-05
  3.12400000000E-05  -1.27100000000E-05   1.32700000000E-05
  5.47400000000E-05  -2.46700000000E-05  -2.46700000000E-05
  3.61900000000E-05   6.10000000000E-07  -4.50000000000E-07
  3.12400000000E-05   1.32700000000E-05  -1.27100000000E-05
  6.52700000000E-05  -1.21800000000E-05  -1.21800000000E-05
  3.61900000000E-05  -4.50000000000E-07   6.10000000000E-07
  6.02600000000E-05   2.50100000000E-05   2.50100000000E-05
 -7.94300000000E-05   7.67000000000E-06   7.67000000000E-06
  2.57500000000E-05   7.00000000000E-07  -2.92000000000E-06
 -7.53800000000E-05   9.36000000000E-06   9.36000000000E-06
  2.55900000000E-05   5.02000000000E-06  -2.10000000000E-06
  2.57500000000E-05  -2.92000000000E-06   7.00000000000E-07
 -8.67300000000E-05   4.36000000000E-06   4.36000000000E-06
  2.55900000000E-05  -2.10000000000E-06   5.02000000000E-06
 -9.08700000000E-05  -2.06900000000E-05  -2.06900000000E-05
  6.28150000000E-04   4.38630000000E-04  -4.36330000000E-04
  3.88310000000E-04  -2.43020000000E-04   2.77940000000E-04
  6.28150000000E-04  -4.36330000000E-04   4.38630000000E-04
  4.01750000000E-04   2.29930000000E-04  -2.73580000000E-04
  4.01750000000E-04  -2.73580000000E-04   2.29930000000E-04
  1.62360000000E-04   8.08000000000E-05  -7.29700000000E-05
  3.88310000000E-04   2.77940000000E-04  -2.43020000000E-04
  1.62360000000E-04  -7.29700000000E-05   8.08000000000E-05
  4.86575000000E-03   3.33685000000E-03  -3.32752000000E-03
  4.86657000000E-03  -3.32221000000E-03   3.33252000000E-03
  4.86575000000E-03  -3.32752000000E-03   3.33685000000E-03
  2.05450000000E-04  -2.27200000000E-05   1.04300000000E-05
  2.05450000000E-04   1.04300000000E-05  -2.27200000000E-05
  1.98480000000E-04  -2.44000000000E-05   1.85700000000E-05
  4.86657000000E-03   3.33252000000E-03  -3.32221000000E-03
  1.98480000000E-04   1.85700000000E-05  -2.44000000000E-05
 -2.01994000000E-02  -1.44460000000E-04  -1.44460000000E-04
  7.45830000000E-04   1.52020000000E-04  -1.51470000000E-04
  2.01920500000E-02  -1.59950000000E-04  -1.59950000000E-04
 -7.36480000000E-04   1.45930000000E-04  -1.45850000000E-04
  7.45830000000E-04  -1.51470000000E-04   1.52020000000E-04
  4.49000000000E-05   1.44800000000E-04   1.44800000000E-04
 -7.36480000000E-04  -1.45850000000E-04   1.45930000000E-04
 -5.12100000000E-05   1.51440000000E-04   1.51440000000E-04
  1.94330000000E-04   7.17372000000E-03   7.17372000000E-03
  3.77000000000E-06   1.31750000000E-04   9.40600000000E-05
 -4.66523000000E-03  -3.42576000000E-03  -3.42576000000E-03
  4.48000000000E-06  -1.05670000000E-04  -1.19540000000E-04
  3.77000000000E-06   9.40600000000E-05   1.31750000000E-04
  4.96000000000E-06   7.34400000000E-05   7.34400000000E-05
  4.48000000000E-06  -1.19540000000E-04  -1.05670000000E-04
  4.86687000000E-03  -3.82054000000E-03  -3.82054000000E-03
  1.08600000000E-05   4.44740000000E-04   4.44540000000E-04
  2.52680000000E-04  -2.48660000000E-04  -2.88240000000E-04
  1.08600000000E-05   4.44540000000E-04   4.44740000000E-04
 -2.51180000000E-04  -2.53990000000E-04  -2.84320000000E-04
 -2.51180000000E-04  -2.84320000000E-04  -2.53990000000E-04
 -1.14900000000E-05   9.00900000000E-05   9.68500000000E-05
  2.52680000000E-04  -2.88240000000E-04  -2.48660000000E-04
 -1.14900000000E-05   9.68500000000E-05   9.00900000000E-05
  5.37900000000E-05  -9.26500000000E-05   9.34800000000E-05
 -3.76700000000E-05  -8.03300000000E-05   7.92200000000E-05
  5.37900000000E-05   9.34800000000E-05  -9.26500000000E-05
 -6.41200000000E-05   7.10800000000E-05  -6.90500000000E-05
 -6.41200000000E-05  -6.90500000000E-05   7.10800000000E-05
  6.56600000000E-05  -7.97800000000E-05   7.91200000000E-05
 -3.76700000000E-05   7.92200000000E-05  -8.03300000000E-05
  6.56600000000E-05   7.91200000000E-05  -7.97800000000E-05
  3.16300000000E-05  -1.26200000000E-05  -1.26200000000E-05
  4.47000000000E-06   1.25500000000E-05  -1.24900000000E-05
 -3.68300000000E-05  -2.48100000000E-05  -2.48100000000E-05
  4.68000000000E-06   6.30000000000E-07  -1.20000000000E-07
  4.47000000000E-06  -1.24900000000E-05   1.25500000000E-05
  3.68400000000E-05   1.30200000000E-05   1.30200000000E-05
  4.68000000000E-06  -1.20000000000E-07   6.30000000000E-07
 -4.23900000000E-05   2.50300000000E-05   2.50300000000E-05
 -1.22600000000E-05   1.12820000000E-04   1.12820000000E-04
 -6.95000000000E-06   7.66700000000E-05   6.88600000000E-05
 -8.28000000000E-06  -9.57800000000E-05  -9.57800000000E-05
 -6.83000000000E-06  -7.09300000000E-05  -7.42000000000E-05
 -6.95000000000E-06   6.88600000000E-05   7.66700000000E-05
  3.45000000000E-06   8.27200000000E-05   8.27200000000E-05
 -6.83000000000E-06  -7.42000000000E-05  -7.09300000000E-05
 -5.50000000000E-07  -9.91600000000E-05  -9.91600000000E-05
 -9.66000000000E-06  -1.54160000000E-04  -1.38880000000E-04
  2.40450000000E-04  -5.01000000000E-05   3.04320000000E-04
 -9.66000000000E-06  -1.38880000000E-04  -1.54160000000E-04
 -2.36600000000E-04  -6.53400000000E-05   3.17320000000E-04
 -2.36600000000E-04   3.17320000000E-04  -6.53400000000E-05
  1.30800000000E-05  -1.14510000000E-04  -9.73900000000E-05
  2.40450000000E-04   3.04320000000E-04  -5.01000000000E-05
  1.30800000000E-05  -9.73900000000E-05  -1.14510000000E-04
 -5.27332000000E-03  -3.83264000000E-03   3.83731000000E-03
  5.06544000000E-03  -3.44337000000E-03   3.43832000000E-03
 -5.27332000000E-03   3.83731000000E-03  -3.83264000000E-03
  4.05460000000E-04   1.02330000000E-04  -9.40800000000E-05
  4.05460000000E-04  -9.40800000000E-05   1.02330000000E-04
 -4.15790000000E-04  -1.01330000000E-04   9.40000000000E-05
  5.06544000000E-03   3.43832000000E-03  -3.44337000000E-03
 -4.15790000000E-04   9.40000000000E-05  -1.01330000000E-04
  2.14887700000E-02  -1.44950000000E-04  -1.44950000000E-04
  5.61890000000E-04   1.52390000000E-04  -1.52530000000E-04
  2.14729700000E-02   1.37280000000E-04   1.37280000000E-04
  5.62810000000E-04  -1.51180000000E-04   1.51860000000E-04
  5.61890000000E-04  -1.52530000000E-04   1.52390000000E-04
  1.24674000000E-03   1.44630000000E-04   1.44630000000E-04
  5.62810000000E-04   1.51860000000E-04  -1.51180000000E-04
  1.24577000000E-03  -1.45300000000E-04  -1.45300000000E-04
 -9.92483000000E-03   7.02000000000E-06   7.02000000000E-06
  2.04550000000E-04   7.60000000000E-06  -1.11300000000E-05
 -5.27032000000E-03  -3.35074000000E-03  -3.35074000000E-03
  2.03830000000E-04  -5.60000000000E-07   4.64000000000E-06
  2.04550000000E-04  -1.11300000000E-05   7.60000000000E-06
 -6.05970000000E-04  -2.86000000000E-06  -2.86000000000E-06
  2.03830000000E-04   4.64000000000E-06  -5.60000000000E-07
 -5.26416000000E-03   3.34743000000E-03   3.34743000000E-03
 -6.28890000000E-04   1.44040000000E-04  -1.43790000000E-04
 -3.90410000000E-04   4.88000000000E-05   3.03660000000E-04
 -6.28890000000E-04  -1.43790000000E-04   1.44040000000E-04
 -4.03900000000E-04  -6.00900000000E-05  -3.09320000000E-04
 -4.03900000000E-04  -3.09320000000E-04  -6.00900000000E-05
 -1.63350000000E-04   1.15630000000E-04  -9.78100000000E-05
 -3.90410000000E-04   3.03660000000E-04   4.88000000000E-05
 -1.63350000000E-04  -9.78100000000E-05   1.15630000000E-04
  2.44400000000E-05  -1.50800000000E-05   2.12200000000E-05
  3.27100000000E-05   2.32400000000E-05  -2.53500000000E-05
  2.44400000000E-05   2.12200000000E-05  -1.50800000000E-05
  2.81500000000E-05  -6.87000000000E-06   9.24000000000E-06
  2.81500000000E-05   9.24000000000E-06  -6.87000000000E-06
  3.53700000000E-05  -7.78000000000E-06   2.47000000000E-06
  3.27100000000E-05  -2.53500000000E-05   2.32400000000E-05
  3.53700000000E-05   2.47000000000E-06  -7.78000000000E-06
 -6.22100000000E-05  -1.28300000000E-05  -1.28300000000E-05
 -3.20900000000E-05   1.25300000000E-05  -1.20400000000E-05
 -6.71500000000E-05   6.10000000000E-07   6.10000000000E-07
 -2.70700000000E-05  -2.47900000000E-05   2.48600000000E-05
 -3.20900000000E-05  -1.20400000000E-05   1.25300000000E-05
 -6.73500000000E-05   1.30200000000E-05   1.30200000000E-05
 -2.70700000000E-05   2.48600000000E-05  -2.47900000000E-05
 -7.23700000000E-05  -2.50000000000E-07  -2.50000000000E-07
  5.76000000000E-05   7.58000000000E-06   7.58000000000E-06
 -3.65800000000E-05   6.10000000000E-07  -2.89000000000E-06
  8.46200000000E-05  -1.75000000000E-05  -1.75000000000E-05
 -3.67100000000E-05   5.30000000000E-07   2.28000000000E-06
 -3.65800000000E-05  -2.89000000000E-06   6.10000000000E-07
  9.62400000000E-05   4.36000000000E-06   4.36000000000E-06
 -3.67100000000E-05   2.28000000000E-06   5.30000000000E-07
  6.91500000000E-05   6.13000000000E-06   6.13000000000E-06
 -6.53840000000E-04  -4.50630000000E-04   4.52720000000E-04
 -4.03220000000E-04   2.48450000000E-04  -2.88910000000E-04
 -6.53840000000E-04   4.52720000000E-04  -4.50630000000E-04
 -3.89810000000E-04  -2.61600000000E-04   2.93230000000E-04
 -3.89810000000E-04   2.93230000000E-04  -2.61600000000E-04
 -1.38750000000E-04  -8.83200000000E-05   9.61400000000E-05
 -4.03220000000E-04  -2.88910000000E-04   2.48450000000E-04
 -1.38750000000E-04   9.61400000000E-05  -8.83200000000E-05
 -5.07073000000E-03  -3.70490000000E-03   3.73266000000E-03
 -5.07025000000E-03   3.71949000000E-03  -3.72820000000E-03
 -5.07073000000E-03   3.73266000000E-03  -3.70490000000E-03
 -2.07450000000E-04   2.50200000000E-05  -1.84800000000E-05
 -2.07450000000E-04  -1.84800000000E-05   2.50200000000E-05
 -2.14440000000E-04   4.52000000000E-06  -2.92100000000E-05
 -5.07025000000E-03  -3.72820000000E-03   3.71949000000E-03
 -2.14440000000E-04  -2.92100000000E-05   4.52000000000E-06
 -2.10027100000E-02   3.20840000000E-04   2.86250000000E-04
  2.37970000000E-04   3.15470000000E-04  -2.92930000000E-04
 -6.53980000000E-04  -2.09885100000E-02  -1.45780000000E-04
 -6.44770000000E-04   2.37460000000E-04  -1.46760000000E-04
 -5.96200000000E-05   3.26300000000E-04  -3.01200000000E-04
 -4.50230000000E-04   3.25770000000E-04   2.97480000000E-04
 -6.45070000000E-04  -9.89800000000E-05   1.44300000000E-04
 -6.54030000000E-04   1.67430000000E-04   1.50260000000E-04
  1.78641000000E-03   8.74462000000E-03   7.18144000000E-03
 -1.57690000000E-04  -2.98400000000E-05   9.44700000000E-05
  4.08680000000E-03   5.12963000000E-03   3.74429000000E-03
 -3.40400000000E-05  -1.44860000000E-04  -1.41700000000E-05
 -1.46770000000E-04   8.46000000000E-06   1.21820000000E-04
  2.70070000000E-04   5.26900000000E-05   7.33900000000E-05
 -4.16300000000E-05  -1.02830000000E-04   1.13400000000E-05
  5.21024000000E-03  -3.77063000000E-03  -3.74772000000E-03
  3.14000000000E-05   4.65980000000E-04   4.39450000000E-04
  4.23930000000E-04  -7.50400000000E-05  -2.89350000000E-04
  4.71990000000E-04  -3.46370000000E-04   3.24000000000E-06
 -8.88800000000E-05  -7.61840000000E-04  -1.45220000000E-04
  3.63550000000E-04   3.33810000000E-04   4.27500000000E-05
 -3.32000000000E-05   6.75800000000E-05   1.20740000000E-04
  3.39810000000E-04  -2.85750000000E-04  -1.65070000000E-04
  5.06500000000E-05   1.22840000000E-04  -2.14200000000E-05
  7.12000000000E-05  -1.36820000000E-04  -2.20500000000E-05
  1.48200000000E-05   2.59770000000E-04   8.39000000000E-06
 -3.39400000000E-05  -6.14600000000E-05  -9.81900000000E-05
 -8.78900000000E-05   3.43310000000E-04  -7.18600000000E-05
 -1.22000000000E-05  -1.72400000000E-05  -4.93000000000E-06
  5.90400000000E-05  -8.58700000000E-05   1.22000000000E-06
 -5.72000000000E-05   5.83400000000E-05  -7.93400000000E-05
 -1.93300000000E-05  -6.86000000000E-06  -7.89100000000E-05
  3.38400000000E-05   7.52500000000E-05  -9.87000000000E-05
  2.98400000000E-05   7.47600000000E-05   9.65700000000E-05
  9.17000000000E-06   6.65900000000E-05  -2.58100000000E-05
  1.93400000000E-05  -6.00410000000E-04  -2.44000000000E-06
  4.36000000000E-06   7.48700000000E-05   9.49700000000E-05
  6.43100000000E-05   7.56000000000E-05  -9.78400000000E-05
  2.07700000000E-05   1.63200000000E-05  -4.80000000000E-07
  9.12000000000E-06   7.64700000000E-05   2.38000000000E-05
 -9.68100000000E-05  -3.78900000000E-05   1.24530000000E-04
 -2.71200000000E-05   3.41040000000E-04   7.01000000000E-05
  1.19400000000E-05  -1.45860000000E-04   1.81400000000E-05
  5.03000000000E-05   2.78060000000E-04   3.04000000000E-06
 -2.62200000000E-05   4.85800000000E-05   7.70500000000E-05
 -8.05200000000E-05  -1.89000000000E-06   8.33100000000E-05
  4.57700000000E-05  -2.22500000000E-05   6.04000000000E-06
 -6.16000000000E-06  -1.05990000000E-04  -1.99500000000E-05
  6.06440000000E-04   4.61070000000E-04  -4.38330000000E-04
  2.16710000000E-04  -7.05700000000E-05   2.77950000000E-04
  4.66130000000E-04  -9.44890000000E-04   2.96280000000E-04
 -5.68500000000E-05  -5.60620000000E-04   1.60780000000E-04
 -2.11410000000E-04   3.43010000000E-04  -6.61700000000E-05
  1.84690000000E-04   5.79900000000E-05  -9.90000000000E-05
  3.27240000000E-04   3.04330000000E-04  -1.34610000000E-04
  7.49300000000E-05  -6.99900000000E-05  -5.86000000000E-06
  3.28470000000E-03   4.91696000000E-03  -3.32538000000E-03
  5.02878000000E-03  -3.48386000000E-03   3.33391000000E-03
 -3.88092000000E-03   5.22815000000E-03  -3.83033000000E-03
  2.43120000000E-04  -6.18400000000E-05  -9.34100000000E-05
  3.56320000000E-04  -7.46800000000E-05  -1.05000000000E-05
 -6.61100000000E-05  -4.51400000000E-05   1.91200000000E-05
  4.91194000000E-03   3.34929000000E-03  -3.43650000000E-03
 -1.42360000000E-04   7.01500000000E-05  -9.62000000000E-05
 -2.06924700000E-02  -3.30920000000E-04  -2.94140000000E-04
 -6.00500000000E-05  -3.25570000000E-04   3.01040000000E-04
 -6.52340000000E-04   2.06843600000E-02  -1.58130000000E-04
 -6.44270000000E-04   5.35800000000E-05  -1.44190000000E-04
  2.37510000000E-04  -3.16100000000E-04   2.93130000000E-04
 -7.47030000000E-04  -3.15570000000E-04  -2.89500000000E-04
 -6.44040000000E-04  -1.92050000000E-04   1.46830000000E-04
 -6.54190000000E-04   1.34770000000E-04   1.52130000000E-04
  8.94340000000E-03  -1.37655000000E-03  -2.48000000000E-06
 -3.40100000000E-05   1.70350000000E-04  -1.18600000000E-05
 -3.08320000000E-03  -5.00478000000E-03  -3.43230000000E-03
 -1.57410000000E-04   5.59400000000E-05  -1.19950000000E-04
 -4.19600000000E-05   7.68500000000E-05   1.45500000000E-05
  3.46740000000E-04   2.12800000000E-05   3.70000000000E-07
 -1.47150000000E-04  -3.40600000000E-05  -9.59800000000E-05
  5.13278000000E-03  -3.79659000000E-03  -3.81909000000E-03
  6.30340000000E-04  -1.74400000000E-04   1.56430000000E-04
  2.30980000000E-04  -2.26720000000E-04  -3.12940000000E-04
  1.74230000000E-04   9.56500000000E-04   3.06240000000E-04
  2.08410000000E-04   5.36640000000E-04   1.54450000000E-04
 -2.29080000000E-04  -3.08280000000E-04  -2.54540000000E-04
  1.60530000000E-04  -8.29100000000E-05   9.76500000000E-05
  3.14450000000E-04  -3.15030000000E-04  -1.37070000000E-04
  7.60300000000E-05   9.38900000000E-05   6.53000000000E-06
 -3.35400000000E-05   6.19700000000E-05   1.00260000000E-04
 -6.15400000000E-05  -3.54790000000E-04   8.22400000000E-05
  7.15100000000E-05   1.38350000000E-04   2.20400000000E-05
 -1.30600000000E-05  -2.68200000000E-04   1.56000000000E-06
 -8.51600000000E-05  -4.93400000000E-05   7.11000000000E-05
 -1.95200000000E-05   5.18000000000E-06   7.80000000000E-05
  1.40800000000E-05   2.82600000000E-05  -6.89000000000E-06
  5.89700000000E-05   8.55500000000E-05  -2.28000000000E-06
  5.93700000000E-05  -7.52400000000E-05   9.76500000000E-05
  4.54000000000E-06  -7.47100000000E-05  -9.52900000000E-05
  8.91000000000E-06  -1.16260000000E-04  -2.39800000000E-05
  2.03000000000E-05   6.01960000000E-04   8.00000000000E-07
  2.99300000000E-05  -7.48800000000E-05  -9.59800000000E-05
  3.94500000000E-05  -7.56200000000E-05   9.89300000000E-05
  2.01500000000E-05  -1.70700000000E-05   1.26000000000E-06
  8.93000000000E-06  -2.66900000000E-05   2.60700000000E-05
  7.82000000000E-06   1.62350000000E-04  -1.57000000000E-06
  4.95800000000E-05  -2.72760000000E-04  -7.93000000000E-06
 -9.29400000000E-05   5.46800000000E-05  -1.07890000000E-04
 -2.78600000000E-05  -3.35590000000E-04  -7.58600000000E-05
  4.52400000000E-05   1.75300000000E-05  -3.00000000000E-08
 -2.41000000000E-06   8.92700000000E-05   3.48000000000E-06
 -2.68600000000E-05  -5.46400000000E-05  -7.23400000000E-05
 -8.47500000000E-05  -1.46300000000E-05  -9.99000000000E-05
  1.48400000000E-05  -1.78740000000E-04  -1.37260000000E-04
  4.11440000000E-04  -2.21770000000E-04   3.04410000000E-04
  1.70850000000E-04   3.54810000000E-04   3.90000000000E-06
  2.40510000000E-04   7.38870000000E-04  -1.33180000000E-04
  3.79420000000E-04  -2.97610000000E-04   2.30510000000E-04
 -9.72000000000E-06  -9.30500000000E-05  -7.14700000000E-05
  3.01730000000E-04   2.76360000000E-04  -1.58170000000E-04
  1.00680000000E-04  -9.90700000000E-05  -2.88700000000E-05
 -3.88072000000E-03  -5.22411000000E-03   3.83465000000E-03
  4.90185000000E-03  -3.28063000000E-03   3.43704000000E-03
  3.28527000000E-03  -4.90738000000E-03   3.33461000000E-03
  3.66530000000E-04   1.39480000000E-04   9.42000000000E-06
  2.50400000000E-04  -6.58000000000E-06   9.24600000000E-05
 -1.42270000000E-04  -7.68400000000E-05   8.97300000000E-05
  5.01576000000E-03   3.41867000000E-03  -3.33225000000E-03
 -6.59300000000E-05   3.82800000000E-05  -2.61600000000E-05
  2.07143300000E-02   3.10450000000E-04   2.97630000000E-04
  5.25000000000E-05   3.15390000000E-04  -2.91250000000E-04
  6.44000000000E-04  -2.07053500000E-02   1.54550000000E-04
  6.54510000000E-04  -5.91600000000E-05   1.52330000000E-04
 -2.43620000000E-04   3.25450000000E-04  -2.99330000000E-04
  7.53510000000E-04   3.26030000000E-04   3.02540000000E-04
  6.55070000000E-04   1.97560000000E-04  -1.50200000000E-04
  6.44580000000E-04  -1.27680000000E-04  -1.44640000000E-04
 -8.35981000000E-03   1.59280000000E-03  -2.87000000000E-06
  4.23000000000E-05  -1.54690000000E-04  -1.18200000000E-05
  3.46948000000E-03   5.20858000000E-03   3.80997000000E-03
  1.67110000000E-04  -3.94800000000E-05   1.09170000000E-04
  5.35200000000E-05  -9.69100000000E-05  -4.78000000000E-06
 -3.43220000000E-04  -2.40100000000E-05  -4.18000000000E-06
  1.58510000000E-04   2.08500000000E-05   1.13810000000E-04
 -4.92846000000E-03   3.40009000000E-03   3.41874000000E-03
 -6.03070000000E-04   1.69330000000E-04  -1.39380000000E-04
 -2.16090000000E-04   2.21130000000E-04   3.04610000000E-04
 -1.70390000000E-04  -9.34700000000E-04  -2.87950000000E-04
 -2.40170000000E-04  -5.68780000000E-04  -1.69050000000E-04
  2.12260000000E-04   3.08920000000E-04   2.37310000000E-04
 -1.84930000000E-04   9.34900000000E-05  -7.14800000000E-05
 -3.01910000000E-04   3.06690000000E-04   1.34500000000E-04
 -1.00370000000E-04  -7.11300000000E-05   6.14000000000E-06
  4.09300000000E-05  -6.27700000000E-05  -9.60200000000E-05
  8.35000000000E-05   3.63280000000E-04  -9.93400000000E-05
 -6.46600000000E-05  -1.34120000000E-04  -2.62600000000E-05
  2.68000000000E-06   2.66760000000E-04   3.60000000000E-06
  7.83700000000E-05   6.01200000000E-05  -8.40100000000E-05
  2.77200000000E-05  -1.47200000000E-05  -7.67800000000E-05
  1.05900000000E-05  -4.60500000000E-05   2.16400000000E-05
 -5.02700000000E-05  -8.27000000000E-05  -8.96000000000E-06
 -5.92600000000E-05   7.56700000000E-05  -9.70500000000E-05
 -4.40000000000E-06   7.60700000000E-05   9.89700000000E-05
 -2.05000000000E-05   9.27800000000E-05   1.03000000000E-06
 -9.83000000000E-06  -6.26600000000E-04   2.55600000000E-05
 -2.99600000000E-05   7.61000000000E-05   9.81000000000E-05
 -3.88900000000E-05   7.54400000000E-05  -9.56100000000E-05
 -9.63000000000E-06   4.23800000000E-05  -2.41300000000E-05
 -2.07100000000E-05   5.18900000000E-05   4.80000000000E-07
 -2.87100000000E-05  -1.43590000000E-04   1.71800000000E-05
 -5.75500000000E-05   2.64240000000E-04  -3.74000000000E-06
  1.04150000000E-04  -6.76100000000E-05   9.45500000000E-05
  1.74900000000E-05   3.49400000000E-04   7.62000000000E-05
 -5.76900000000E-05  -2.34500000000E-05  -1.30000000000E-07
  1.10600000000E-05  -8.09500000000E-05   3.06000000000E-06
  1.40400000000E-05   5.23400000000E-05   7.56200000000E-05
  6.22800000000E-05  -1.27000000000E-06   8.32300000000E-05
 -3.46100000000E-05   1.65530000000E-04   1.57760000000E-04
 -4.24530000000E-04   2.26070000000E-04  -3.13370000000E-04
 -1.74090000000E-04  -3.52120000000E-04   3.17000000000E-06
 -2.07400000000E-04  -7.54420000000E-04   1.38020000000E-04
 -3.63870000000E-04   3.18460000000E-04  -2.61020000000E-04
  3.35900000000E-05   8.31800000000E-05   9.71100000000E-05
 -3.14410000000E-04  -2.86260000000E-04   1.63850000000E-04
 -7.57500000000E-05   1.24650000000E-04   2.16100000000E-05
  3.48568000000E-03   5.03715000000E-03  -3.43645000000E-03
 -5.11172000000E-03   3.68471000000E-03  -3.83460000000E-03
 -3.68012000000E-03   5.12447000000E-03  -3.70740000000E-03
 -3.71450000000E-04  -1.37330000000E-04  -1.98100000000E-05
 -2.57990000000E-04   7.50000000000E-07  -8.89800000000E-05
  1.34760000000E-04   5.92800000000E-05  -1.06640000000E-04
 -5.22677000000E-03  -3.81646000000E-03   3.72835000000E-03
  5.82800000000E-05  -5.51800000000E-05   6.86000000000E-06
  2.09941200000E-02  -3.21140000000E-04  -3.05970000000E-04
 -2.43320000000E-04  -3.25950000000E-04   2.99540000000E-04
  6.45940000000E-04   2.09932300000E-02   1.31980000000E-04
  6.54160000000E-04  -2.43150000000E-04   1.50140000000E-04
  5.32200000000E-05  -3.15060000000E-04   2.91280000000E-04
  4.56740000000E-04  -3.15550000000E-04  -2.94430000000E-04
  6.53850000000E-04   1.04610000000E-04  -1.52110000000E-04
  6.44410000000E-04  -1.63400000000E-04  -1.46070000000E-04
 -1.18260000000E-03  -8.55658000000E-03  -7.14870000000E-03
  1.67060000000E-04   4.67800000000E-05  -1.15560000000E-04
 -3.69280000000E-03  -4.93039000000E-03  -3.34538000000E-03
  4.22900000000E-05   1.61160000000E-04   5.13000000000E-06
  1.58930000000E-04  -2.78900000000E-05  -1.07180000000E-04
 -2.67360000000E-04  -5.42000000000E-05  -7.42300000000E-05
  5.37900000000E-05   9.00600000000E-05   1.16400000000E-05
 -5.00234000000E-03   3.36501000000E-03   3.34716000000E-03
 -1.78100000000E-05  -4.72640000000E-04  -4.49700000000E-04
 -4.11950000000E-04   7.11000000000E-05   2.77760000000E-04
 -4.66560000000E-04   3.60500000000E-04   3.03000000000E-06
  5.69800000000E-05   7.32450000000E-04   1.26980000000E-04
 -3.79960000000E-04  -3.32850000000E-04  -5.95600000000E-05
  1.00700000000E-05  -5.80400000000E-05  -9.86400000000E-05
 -3.26960000000E-04   2.76950000000E-04   1.57590000000E-04
 -7.52400000000E-05  -1.00910000000E-04   2.93200000000E-05
 -6.51200000000E-05   1.40280000000E-04   3.05800000000E-05
  7.17000000000E-06  -2.48570000000E-04  -2.02600000000E-05
  4.00600000000E-05   6.75500000000E-05   1.02520000000E-04
  8.00300000000E-05  -3.48590000000E-04   8.31900000000E-05
  7.63000000000E-06   3.05000000000E-05  -7.06000000000E-06
 -5.04700000000E-05   7.78800000000E-05   3.72000000000E-06
  8.32500000000E-05  -7.77200000000E-05   1.02250000000E-04
  2.79900000000E-05   8.74000000000E-06   7.16300000000E-05
 -3.43300000000E-05  -7.57600000000E-05   9.58600000000E-05
 -3.01300000000E-05  -7.63200000000E-05  -9.76100000000E-05
 -2.06500000000E-05  -9.21000000000E-05  -2.80000000000E-07
 -9.12000000000E-06   5.77480000000E-04   2.40100000000E-05
 -5.11000000000E-06  -7.59100000000E-05  -9.93200000000E-05
 -6.49000000000E-05  -7.52600000000E-05   9.67900000000E-05
 -9.01000000000E-06   7.29000000000E-06  -2.56600000000E-05
 -2.06200000000E-05  -5.25000000000E-05  -1.24000000000E-06
  7.67700000000E-05   5.76800000000E-05  -1.04470000000E-04
  1.79800000000E-05  -3.48390000000E-04  -7.76500000000E-05
 -1.60000000000E-06   1.33460000000E-04  -2.72400000000E-05
 -5.70600000000E-05  -2.63400000000E-04   3.13000000000E-06
  1.44200000000E-05  -5.39100000000E-05  -7.48000000000E-05
  8.94700000000E-05   1.16100000000E-05  -7.32000000000E-05
 -5.71500000000E-05   2.30700000000E-05   1.94000000000E-06
 -1.61500000000E-05   9.09300000000E-05   7.00000000000E-06
 -6.27530000000E-04  -4.77550000000E-04   4.51110000000E-04
 -2.30550000000E-04   7.54500000000E-05  -2.88850000000E-04
 -4.72240000000E-04   9.46530000000E-04  -2.97270000000E-04
  8.85300000000E-05   5.44300000000E-04  -1.60960000000E-04
  2.29560000000E-04  -3.23570000000E-04   3.64700000000E-05
 -1.60960000000E-04  -6.76400000000E-05   1.20760000000E-04
 -3.39710000000E-04  -3.17420000000E-04   1.37280000000E-04
 -5.10500000000E-05   9.48500000000E-05  -5.62000000000E-06
 -3.68049000000E-03  -5.09597000000E-03   3.73553000000E-03
 -5.23281000000E-03   3.88297000000E-03  -3.72673000000E-03
  3.48562000000E-03  -5.01378000000E-03   3.46042000000E-03
 -2.46370000000E-04   6.28300000000E-05   8.82000000000E-05
 -3.62400000000E-04   7.03900000000E-05   1.86400000000E-05
  5.82800000000E-05   2.92400000000E-05  -3.28900000000E-05
 -5.12033000000E-03  -3.74791000000E-03   3.83497000000E-03
  1.34430000000E-04  -8.48600000000E-05   8.10700000000E-05
 -1.56862300000E-02   3.78027000000E-03   3.78027000000E-03
 -6.41000000000E-06   6.38800000000E-05   5.17300000000E-05
  4.32597000000E-03  -3.53718000000E-03  -3.53718000000E-03
 -7.44080000000E-04   8.37300000000E-05  -1.97490000000E-04
 -6.41000000000E-06   5.17300000000E-05   6.38800000000E-05
 -2.94520000000E-04   3.84400000000E-05   3.84400000000E-05
 -7.44080000000E-04  -1.97490000000E-04   8.37300000000E-05
 -3.46840000000E-04   1.12670000000E-04   1.12670000000E-04
 -1.58813800000E-02   3.39116000000E-03   3.39116000000E-03
 -2.41000000000E-06   6.78100000000E-05   4.21800000000E-05
 -3.39010000000E-04   1.10230000000E-04   1.10230000000E-04
 -7.46880000000E-04  -1.94030000000E-04   8.23000000000E-05
 -2.41000000000E-06   4.21800000000E-05   6.78100000000E-05
 -2.94770000000E-04   3.48700000000E-05   3.48700000000E-05
 -7.46880000000E-04   8.23000000000E-05  -1.94030000000E-04
  4.52013000000E-03  -3.93190000000E-03  -3.93190000000E-03
  5.49376000000E-03  -3.63128000000E-03   4.07834000000E-03
  2.25530000000E-04  -2.13730000000E-04  -2.46680000000E-04
  5.49376000000E-03   4.07834000000E-03  -3.63128000000E-03
 -3.79300000000E-05  -4.64200000000E-05  -4.49600000000E-05
 -3.79300000000E-05  -4.49600000000E-05  -4.64200000000E-05
  3.72480000000E-04  -4.56800000000E-05   1.47760000000E-04
  2.25530000000E-04  -2.46680000000E-04  -2.13730000000E-04
  3.72480000000E-04   1.47760000000E-04  -4.56800000000E-05
  3.43350000000E-04  -1.90000000000E-04   3.41570000000E-04
  3.02070000000E-04   1.06350000000E-04  -2.55320000000E-04
  3.43350000000E-04   3.41570000000E-04  -1.90000000000E-04
  2.53300000000E-05  -6.24300000000E-05  -4.76700000000E-05
  2.53300000000E-05  -4.76700000000E-05  -6.24300000000E-05
  9.58800000000E-05  -2.86100000000E-05   1.36980000000E-04
  3.02070000000E-04  -2.55320000000E-04   1.06350000000E-04
  9.58800000000E-05   1.36980000000E-04  -2.86100000000E-05
  1.29700000000E-05   5.29000000000E-05   5.29000000000E-05
  3.49400000000E-05   3.81100000000E-05   3.71100000000E-05
 -2.41400000000E-05  -7.69200000000E-05  -7.69200000000E-05
  3.77600000000E-05  -3.88500000000E-05  -3.67200000000E-05
  3.49400000000E-05   3.71100000000E-05   3.81100000000E-05
  6.48000000000E-06   3.92500000000E-05   3.92500000000E-05
  3.77600000000E-05  -3.67200000000E-05  -3.88500000000E-05
 -3.63300000000E-05  -1.39000000000E-05  -1.39000000000E-05
  5.80000000000E-07   5.98200000000E-05   5.98200000000E-05
  2.77900000000E-05   3.87100000000E-05   3.16400000000E-05
 -2.62700000000E-05  -3.10000000000E-05  -3.10000000000E-05
  2.51800000000E-05  -4.48300000000E-05  -2.50300000000E-05
  2.77900000000E-05   3.16400000000E-05   3.87100000000E-05
  9.98000000000E-06   4.33800000000E-05   4.33800000000E-05
  2.51800000000E-05  -2.50300000000E-05  -4.48300000000E-05
 -3.06800000000E-05  -7.34300000000E-05  -7.34300000000E-05
  2.81580000000E-04   9.41700000000E-05  -2.38270000000E-04
  3.31660000000E-04  -1.83650000000E-04   3.24600000000E-04
  2.81580000000E-04  -2.38270000000E-04   9.41700000000E-05
  1.02040000000E-04   1.20540000000E-04  -1.60000000000E-05
  1.02040000000E-04  -1.60000000000E-05   1.20540000000E-04
  4.27400000000E-05  -5.68300000000E-05  -4.50600000000E-05
  3.31660000000E-04   3.24600000000E-04  -1.83650000000E-04
  4.27400000000E-05  -4.50600000000E-05  -5.68300000000E-05
  2.09220000000E-04  -1.98950000000E-04  -2.30010000000E-04
  5.28006000000E-03  -3.23188000000E-03   3.67444000000E-03
  2.09220000000E-04  -2.30010000000E-04  -1.98950000000E-04
  3.79590000000E-04   1.38300000000E-04  -5.37700000000E-05
  3.79590000000E-04  -5.37700000000E-05   1.38300000000E-04
 -3.12300000000E-05  -5.11400000000E-05  -4.36100000000E-05
  5.28006000000E-03   3.67444000000E-03  -3.23188000000E-03
 -3.12300000000E-05  -4.36100000000E-05  -5.11400000000E-05
 -2.61839400000E-02  -4.17526000000E-03  -4.17526000000E-03
  1.94100000000E-04  -6.15300000000E-05  -5.43000000000E-05
 -5.82735000000E-03   3.61954000000E-03   3.61954000000E-03
 -5.41430000000E-04   2.04940000000E-04  -9.09400000000E-05
  1.94100000000E-04  -5.43000000000E-05  -6.15300000000E-05
 -9.13990000000E-04  -3.91900000000E-05  -3.91900000000E-05
 -5.41430000000E-04  -9.09400000000E-05   2.04940000000E-04
 -9.66570000000E-04   1.90200000000E-04   1.90200000000E-04
  2.61828200000E-02   4.18487000000E-03   4.18487000000E-03
 -1.86390000000E-04   6.89200000000E-05   4.28800000000E-05
  9.66350000000E-04  -1.88240000000E-04  -1.88240000000E-04
  5.49970000000E-04   1.01180000000E-04  -2.11480000000E-04
 -1.86390000000E-04   4.28800000000E-05   6.89200000000E-05
  9.14670000000E-04   3.60800000000E-05   3.60800000000E-05
  5.49970000000E-04  -2.11480000000E-04   1.01180000000E-04
  5.83368000000E-03  -3.62565000000E-03  -3.62565000000E-03
 -4.64298000000E-03   3.54814000000E-03  -3.09051000000E-03
  4.24360000000E-04  -8.55000000000E-05  -3.53040000000E-04
 -4.64298000000E-03  -3.09051000000E-03   3.54814000000E-03
  1.60310000000E-04  -1.73900000000E-04   5.77500000000E-05
  1.60310000000E-04   5.77500000000E-05  -1.73900000000E-04
 -2.40610000000E-04   2.96300000000E-05   7.11500000000E-05
  4.24360000000E-04  -3.53040000000E-04  -8.55000000000E-05
 -2.40610000000E-04   7.11500000000E-05   2.96300000000E-05
 -2.92150000000E-04   1.04700000000E-04  -2.52880000000E-04
 -3.36920000000E-04  -1.89500000000E-04   3.36750000000E-04
 -2.92150000000E-04  -2.52880000000E-04   1.04700000000E-04
 -1.24570000000E-04   1.33100000000E-04  -2.19900000000E-05
 -1.24570000000E-04  -2.19900000000E-05   1.33100000000E-04
 -5.51200000000E-05  -5.21100000000E-05  -5.97100000000E-05
 -3.36920000000E-04   3.36750000000E-04  -1.89500000000E-04
 -5.51200000000E-05  -5.97100000000E-05  -5.21100000000E-05
  8.05300000000E-05  -5.33100000000E-05  -5.33100000000E-05
  2.66000000000E-06  -3.45900000000E-05  -3.44300000000E-05
  4.26800000000E-05   2.76900000000E-05   2.76900000000E-05
  6.58000000000E-06   3.63600000000E-05   3.31900000000E-05
  2.66000000000E-06  -3.44300000000E-05  -3.45900000000E-05
  9.73700000000E-05  -3.98300000000E-05  -3.98300000000E-05
  6.58000000000E-06   3.31900000000E-05   3.63600000000E-05
  5.45000000000E-05   6.41800000000E-05   6.41800000000E-05
 -9.15400000000E-05   6.07300000000E-05   6.07300000000E-05
 -5.43000000000E-06   3.50700000000E-05   3.12800000000E-05
 -5.51600000000E-05  -5.59000000000E-05  -5.59000000000E-05
 -4.27000000000E-06  -1.77900000000E-05  -4.94100000000E-05
 -5.43000000000E-06   3.12800000000E-05   3.50700000000E-05
 -9.29400000000E-05   4.37700000000E-05   4.37700000000E-05
 -4.27000000000E-06  -4.94100000000E-05  -1.77900000000E-05
 -5.86500000000E-05  -4.76500000000E-05  -4.76500000000E-05
  3.47490000000E-04   1.97800000000E-04  -3.43320000000E-04
  2.94460000000E-04  -1.05170000000E-04   2.54890000000E-04
  3.47490000000E-04  -3.43320000000E-04   1.97800000000E-04
  7.08300000000E-05   4.67200000000E-05   5.39900000000E-05
  7.08300000000E-05   5.39900000000E-05   4.67200000000E-05
  1.33200000000E-04   2.09200000000E-05  -1.24850000000E-04
  2.94460000000E-04   2.54890000000E-04  -1.05170000000E-04
  1.33200000000E-04  -1.24850000000E-04   2.09200000000E-05
 -4.30630000000E-04   9.38200000000E-05   3.63220000000E-04
  4.63748000000E-03  -3.54243000000E-03   3.08467000000E-03
 -4.30630000000E-04   3.63220000000E-04   9.38200000000E-05
  2.27850000000E-04  -5.57100000000E-05  -2.77000000000E-05
  2.27850000000E-04  -2.77000000000E-05  -5.57100000000E-05
 -1.80020000000E-04  -7.42100000000E-05   1.53870000000E-04
  4.63748000000E-03   3.08467000000E-03  -3.54243000000E-03
 -1.80020000000E-04   1.53870000000E-04  -7.42100000000E-05
  2.56008300000E-02   3.01487000000E-03   3.01487000000E-03
 -1.89880000000E-04   6.26200000000E-05   5.08800000000E-05
  5.60491000000E-03  -3.25133000000E-03  -3.25133000000E-03
  5.57170000000E-04  -2.15750000000E-04   1.00460000000E-04
 -1.89880000000E-04   5.08800000000E-05   6.26200000000E-05
  9.02320000000E-04   3.70400000000E-05   3.70400000000E-05
  5.57170000000E-04   1.00460000000E-04  -2.15750000000E-04
  9.44630000000E-04  -1.81870000000E-04  -1.81870000000E-04
 -2.55999200000E-02  -3.00925000000E-03  -3.00925000000E-03
  1.97580000000E-04  -5.51300000000E-05  -6.20900000000E-05
 -9.44860000000E-04   1.83940000000E-04   1.83940000000E-04
 -5.48520000000E-04  -9.01100000000E-05   2.09280000000E-04
  1.97580000000E-04  -6.20900000000E-05  -5.51300000000E-05
 -9.01690000000E-04  -4.00200000000E-05  -4.00200000000E-05
 -5.48520000000E-04   2.09280000000E-04  -9.01100000000E-05
 -5.59893000000E-03   3.24552000000E-03   3.24552000000E-03
  4.85132000000E-03  -3.91361000000E-03   3.48089000000E-03
 -4.16730000000E-04   8.72800000000E-05   3.44290000000E-04
  4.85132000000E-03   3.48089000000E-03  -3.91361000000E-03
 -1.90480000000E-04   1.44400000000E-04  -7.26000000000E-05
 -1.90480000000E-04  -7.26000000000E-05   1.44400000000E-04
  2.22310000000E-04  -2.15700000000E-05  -4.68500000000E-05
 -4.16730000000E-04   3.44290000000E-04   8.72800000000E-05
  2.22310000000E-04  -4.68500000000E-05  -2.15700000000E-05
  3.17780000000E-04  -1.15740000000E-04   2.67730000000E-04
  3.72680000000E-04   2.12780000000E-04  -3.60330000000E-04
  3.17780000000E-04   2.67730000000E-04  -1.15740000000E-04
  1.17570000000E-04  -1.39540000000E-04   3.13000000000E-05
  1.17570000000E-04   3.13000000000E-05  -1.39540000000E-04
  6.45400000000E-05   4.51500000000E-05   5.86900000000E-05
  3.72680000000E-04  -3.60330000000E-04   2.12780000000E-04
  6.45400000000E-05   5.86900000000E-05   4.51500000000E-05
 -8.08200000000E-05   5.18400000000E-05   5.18400000000E-05
 -2.40000000000E-07   4.14500000000E-05   3.74100000000E-05
 -5.49900000000E-05  -5.23300000000E-05  -5.23300000000E-05
  8.42000000000E-06  -6.53400000000E-05  -1.33200000000E-05
 -2.40000000000E-07   3.74100000000E-05   4.14500000000E-05
 -9.76600000000E-05   3.85100000000E-05   3.85100000000E-05
  8.42000000000E-06  -1.33200000000E-05  -6.53400000000E-05
 -6.61800000000E-05  -3.94100000000E-05  -3.94100000000E-05
  6.96400000000E-05  -4.42800000000E-05  -4.42800000000E-05
 -2.62000000000E-06  -4.09100000000E-05  -4.04300000000E-05
  6.55000000000E-05   4.77600000000E-05   4.77600000000E-05
 -6.30000000000E-06   2.88600000000E-05   5.24100000000E-05
 -2.62000000000E-06  -4.04300000000E-05  -4.09100000000E-05
  1.02050000000E-04  -3.43600000000E-05  -3.43600000000E-05
 -6.30000000000E-06   5.24100000000E-05   2.88600000000E-05
  3.89100000000E-05   3.24000000000E-05   3.24000000000E-05
 -3.62200000000E-04  -2.04340000000E-04   3.53850000000E-04
 -3.15450000000E-04   1.15330000000E-04  -2.65630000000E-04
 -3.62200000000E-04   3.53850000000E-04  -2.04340000000E-04
 -4.88300000000E-05  -7.15900000000E-05  -4.31800000000E-05
 -4.88300000000E-05  -4.31800000000E-05  -7.15900000000E-05
 -1.09010000000E-04  -3.21000000000E-05   1.47870000000E-04
 -3.15450000000E-04  -2.65630000000E-04   1.15330000000E-04
 -1.09010000000E-04   1.47870000000E-04  -3.21000000000E-05
  4.10470000000E-04  -7.88100000000E-05  -3.33970000000E-04
 -4.85713000000E-03   3.91977000000E-03  -3.48684000000E-03
  4.10470000000E-04  -3.33970000000E-04  -7.88100000000E-05
 -2.35090000000E-04   6.24400000000E-05   2.35400000000E-05
 -2.35090000000E-04   2.35400000000E-05   6.24400000000E-05
  1.70780000000E-04   5.63800000000E-05  -1.64340000000E-04
 -4.85713000000E-03  -3.48684000000E-03   3.91977000000E-03
  1.70780000000E-04  -1.64340000000E-04   5.63800000000E-05
 -1.70840900000E-02   5.36807000000E-03   3.93192000000E-03
  1.55390000000E-04  -9.79900000000E-05   5.18200000000E-05
 -4.42886000000E-03   5.00809000000E-03   3.63333000000E-03
 -7.07060000000E-04   4.47800000000E-05  -9.10400000000E-05
  1.44240000000E-04  -3.40900000000E-05   5.31800000000E-05
 -5.62270000000E-04   1.66300000000E-05   3.74700000000E-05
 -6.97000000000E-04  -1.79830000000E-04   1.99570000000E-04
 -6.91320000000E-04   1.62500000000E-04   1.85400000000E-04
  4.79150000000E-03  -1.74667300000E-02   3.24152000000E-03
 -9.49500000000E-05   1.60630000000E-04   4.21500000000E-05
  1.56470000000E-04   2.91410000000E-04   2.60620000000E-04
  5.72700000000E-05   2.83560000000E-04  -3.70660000000E-04
 -9.44600000000E-05   8.93500000000E-05   6.75300000000E-05
  3.10160000000E-04   5.18700000000E-05   3.40400000000E-05
 -2.40240000000E-04   2.46770000000E-04  -3.35200000000E-04
  5.32303000000E-03  -3.46502000000E-03  -3.50206000000E-03
 -3.06534000000E-03   5.11549000000E-03  -3.07856000000E-03
  2.64230000000E-04  -2.49110000000E-04  -3.51850000000E-04
  4.10204000000E-03   5.46618000000E-03  -3.61455000000E-03
  1.23030000000E-04  -2.12420000000E-04  -4.53300000000E-05
  1.15100000000E-05  -2.62300000000E-05  -1.60140000000E-04
  2.33900000000E-05   9.81000000000E-06   7.34100000000E-05
  3.79640000000E-04  -3.36180000000E-04  -2.00760000000E-04
  9.95900000000E-05   1.23060000000E-04  -4.10700000000E-05
  1.66780000000E-04  -6.83510000000E-04   1.84660000000E-04
 -1.75250000000E-04  -6.98410000000E-04   1.95800000000E-04
  3.20410000000E-04   3.68230000000E-04  -1.96290000000E-04
 -1.46230000000E-04   1.11090000000E-04  -4.87200000000E-05
 -3.72500000000E-05  -1.89800000000E-05   4.67500000000E-05
  7.94000000000E-06  -2.59000000000E-05   4.97900000000E-05
 -3.14370000000E-04   3.60610000000E-04  -1.93140000000E-04
  1.18060000000E-04   1.15220000000E-04  -5.40900000000E-05
  9.77400000000E-05  -9.84100000000E-05   6.42400000000E-05
  5.59400000000E-05   3.03400000000E-04   3.93000000000E-05
 -4.46800000000E-05  -1.26410000000E-04   3.66700000000E-05
 -1.88900000000E-05   3.09540000000E-04   3.94500000000E-05
  5.43900000000E-05   1.73500000000E-05   4.34100000000E-05
  9.10900000000E-05  -4.56600000000E-05   3.98000000000E-05
 -1.42600000000E-05   1.32900000000E-05   3.89400000000E-05
 -3.04900000000E-05  -2.07900000000E-05   6.51800000000E-05
 -4.57900000000E-05   1.52780000000E-04   5.94600000000E-05
  1.12900000000E-05  -5.64690000000E-04   3.11700000000E-05
 -5.41200000000E-05   3.20200000000E-05  -1.41180000000E-04
  2.30200000000E-05   4.49800000000E-05   5.97900000000E-05
  1.07900000000E-05   4.90600000000E-05   3.33100000000E-05
 -4.15700000000E-05   9.56900000000E-05   4.26200000000E-05
 -2.04000000000E-06   3.86900000000E-05   6.48900000000E-05
 -3.33800000000E-05   1.45700000000E-05  -1.59330000000E-04
  2.63500000000E-04   4.76800000000E-05  -3.52200000000E-04
  2.76340000000E-04   1.59850000000E-04   2.57170000000E-04
  3.67420000000E-04  -3.91210000000E-04   8.60400000000E-05
  1.25570000000E-04   3.93660000000E-04  -1.85800000000E-05
  5.01300000000E-05   3.53100000000E-05   4.55500000000E-05
  4.93800000000E-05  -6.34900000000E-05  -1.23290000000E-04
  3.47700000000E-04   3.04850000000E-04  -1.77430000000E-04
  1.26990000000E-04  -1.31540000000E-04  -5.56700000000E-05
  4.49500000000E-05  -7.07300000000E-04  -8.98600000000E-05
  4.82607000000E-03  -4.02915000000E-03   3.23001000000E-03
 -4.07890000000E-04   3.90050000000E-04   9.52400000000E-05
  4.01490000000E-04   1.17690000000E-04  -3.04400000000E-05
  3.16460000000E-04  -2.56200000000E-05   2.71800000000E-05
 -1.19120000000E-04  -4.69700000000E-05   4.21100000000E-05
  5.25833000000E-03   3.69967000000E-03  -3.24818000000E-03
 -2.02350000000E-04   1.32110000000E-04  -5.08500000000E-05
 -2.50320100000E-02  -5.57648000000E-03  -4.36412000000E-03
  3.12600000000E-05   1.01930000000E-04  -5.42900000000E-05
  2.73719000000E-03  -5.11350000000E-03  -3.55047000000E-03
 -5.79430000000E-04   2.42640000000E-04  -1.97360000000E-04
  3.93700000000E-05   3.45000000000E-05  -5.37800000000E-05
 -6.37850000000E-04  -1.34300000000E-05  -3.47700000000E-05
 -5.92710000000E-04  -1.11390000000E-04   9.20200000000E-05
 -6.13400000000E-04   1.36490000000E-04   1.13750000000E-04
  5.58611000000E-03   2.50307000000E-02   4.37370000000E-03
 -9.43500000000E-05  -2.36300000000E-05   4.29600000000E-05
  4.56880000000E-04  -3.51670000000E-04  -3.23610000000E-04
 -2.40090000000E-04  -3.58030000000E-04   2.25630000000E-04
 -9.48500000000E-05  -4.21000000000E-06   6.93100000000E-05
  3.09380000000E-04   1.91400000000E-05   3.69800000000E-05
  5.71100000000E-05  -3.93440000000E-04   2.58310000000E-04
  5.01595000000E-03  -4.10973000000E-03  -4.07056000000E-03
  4.10385000000E-03  -5.00975000000E-03   4.06443000000E-03
  3.87100000000E-04  -4.86200000000E-05  -2.48070000000E-04
 -3.06309000000E-03  -4.66633000000E-03   3.53112000000E-03
  7.70000000000E-07  -9.18000000000E-06   5.81100000000E-05
  1.15260000000E-04   4.18800000000E-05  -5.74100000000E-05
  9.96100000000E-05  -2.18200000000E-05   1.41900000000E-04
  2.74720000000E-04  -2.66250000000E-04  -1.01790000000E-04
  2.35500000000E-05   9.22100000000E-05   2.85000000000E-05
 -1.34300000000E-04   6.13010000000E-04  -1.11730000000E-04
  1.21850000000E-04   6.01160000000E-04  -9.86200000000E-05
 -2.72130000000E-04  -2.76930000000E-04   1.11240000000E-04
  4.72800000000E-05  -4.11500000000E-05  -2.08400000000E-05
 -6.22000000000E-05  -4.90200000000E-05   2.32400000000E-05
  3.27200000000E-05  -5.61500000000E-05   2.82700000000E-05
  2.76760000000E-04  -2.81060000000E-04   1.10010000000E-04
 -7.65400000000E-05  -3.63700000000E-05  -2.65300000000E-05
 -7.01000000000E-06   1.02430000000E-04  -6.19000000000E-05
 -2.21700000000E-05  -3.08790000000E-04  -3.99600000000E-05
  6.03400000000E-05   7.33000000000E-05  -8.88200000000E-05
  5.92900000000E-05  -3.02990000000E-04  -3.94700000000E-05
 -1.69700000000E-05  -1.40100000000E-05  -4.01100000000E-05
  1.22000000000E-05   4.59900000000E-05  -4.04500000000E-05
  5.81900000000E-05  -1.70500000000E-05  -4.14500000000E-05
  4.82100000000E-05   7.06200000000E-05  -1.50000000000E-05
 -4.57800000000E-05  -3.18000000000E-05   6.10500000000E-05
  1.03300000000E-05   6.38450000000E-04   3.17100000000E-05
 -2.95000000000E-05  -1.19010000000E-04   5.49300000000E-05
 -1.12000000000E-06  -1.07570000000E-04  -1.34870000000E-04
  1.10600000000E-05   1.41000000000E-05   4.03800000000E-05
 -4.18200000000E-05  -7.99000000000E-06   4.46500000000E-05
  2.37600000000E-05  -1.12480000000E-04  -1.26450000000E-04
 -5.81800000000E-05  -1.35130000000E-04   3.74200000000E-05
  3.68370000000E-04   2.48660000000E-04  -2.32350000000E-04
  3.53730000000E-04  -4.57260000000E-04   3.25640000000E-04
  2.64610000000E-04  -1.94440000000E-04   2.08780000000E-04
  5.13700000000E-05  -2.17200000000E-04   5.28700000000E-05
  1.23150000000E-04   3.14000000000E-06   1.21740000000E-04
  1.27350000000E-04   2.86900000000E-05  -4.66400000000E-05
  2.79000000000E-04   2.74270000000E-04  -1.11770000000E-04
  4.95500000000E-05  -3.88600000000E-05   2.00300000000E-05
 -2.48990000000E-04   5.87990000000E-04   2.07610000000E-04
  5.10795000000E-03  -2.73141000000E-03   3.54469000000E-03
  1.87990000000E-04  -2.54300000000E-04  -2.00470000000E-04
  2.04330000000E-04  -3.58100000000E-05  -5.09000000000E-05
  2.90110000000E-04  -5.72200000000E-05   5.49100000000E-05
 -9.32100000000E-05  -7.65500000000E-05   6.87300000000E-05
  4.66076000000E-03   3.05740000000E-03  -3.52562000000E-03
 -1.06700000000E-05  -2.06900000000E-05  -7.44200000000E-05
  2.38786700000E-02   4.60161000000E-03   2.89548000000E-03
 -2.86900000000E-05  -9.87100000000E-05   5.09000000000E-05
 -3.13107000000E-03   5.31808000000E-03   3.91013000000E-03
  5.94880000000E-04  -2.54180000000E-04   2.04430000000E-04
 -3.95400000000E-05  -3.39900000000E-05   5.14300000000E-05
  6.41710000000E-04   1.77800000000E-05   3.71300000000E-05
  6.01220000000E-04   1.16480000000E-04  -9.94700000000E-05
  6.08870000000E-04  -1.29250000000E-04  -1.10900000000E-04
 -4.59605000000E-03  -2.38777100000E-02  -2.89002000000E-03
  1.06300000000E-04   3.63900000000E-05  -6.20500000000E-05
 -4.53080000000E-04   3.66180000000E-04   3.44940000000E-04
  2.57610000000E-04   3.88780000000E-04  -2.42450000000E-04
  1.05870000000E-04  -1.59100000000E-05  -5.48300000000E-05
 -3.03630000000E-04  -2.24200000000E-05  -3.91100000000E-05
 -3.89800000000E-05   3.71840000000E-04  -2.28770000000E-04
 -4.82343000000E-03   3.69898000000E-03   3.68759000000E-03
 -3.70477000000E-03   4.82921000000E-03  -3.69344000000E-03
 -3.78320000000E-04   4.75000000000E-05   2.39090000000E-04
  3.45939000000E-03   4.87648000000E-03  -3.92970000000E-03
 -2.62200000000E-05  -1.53400000000E-05  -7.21700000000E-05
 -1.40970000000E-04  -5.18000000000E-05   3.17000000000E-05
 -1.27810000000E-04   3.44900000000E-05  -1.24090000000E-04
 -2.61690000000E-04   2.57200000000E-04   9.06000000000E-05
 -5.14300000000E-05  -7.12300000000E-05  -1.80100000000E-05
  1.31360000000E-04  -6.09110000000E-04   1.13050000000E-04
 -1.06170000000E-04  -5.92570000000E-04   9.29800000000E-05
  2.89230000000E-04   2.92970000000E-04  -1.09530000000E-04
 -5.52700000000E-05   3.16600000000E-05   3.24500000000E-05
  5.46300000000E-05   5.92200000000E-05  -2.99600000000E-05
 -2.36100000000E-05   4.55300000000E-05  -2.25800000000E-05
 -2.46910000000E-04   2.55260000000E-04  -8.22300000000E-05
  8.67700000000E-05   3.85400000000E-05   2.00500000000E-05
  4.65000000000E-06  -9.82500000000E-05   6.23600000000E-05
  1.93500000000E-05   3.04240000000E-04   3.62700000000E-05
 -7.44900000000E-05  -1.01980000000E-04   6.04500000000E-05
 -4.69100000000E-05   2.85270000000E-04   6.21600000000E-05
  2.00900000000E-05   1.71500000000E-05   3.61800000000E-05
 -1.33200000000E-05  -4.55800000000E-05   3.80400000000E-05
 -4.35900000000E-05   3.90800000000E-05   9.55000000000E-06
 -6.00900000000E-05  -4.63600000000E-05   3.83200000000E-05
  2.27800000000E-05   4.72500000000E-05  -4.40100000000E-05
 -2.07400000000E-05  -6.40940000000E-04  -4.01000000000E-05
  3.69800000000E-05   1.10660000000E-04  -6.09300000000E-05
 -6.99000000000E-06   1.15450000000E-04   1.36010000000E-04
 -2.00500000000E-05  -2.31300000000E-05  -3.57000000000E-05
  4.98700000000E-05   1.75000000000E-05  -3.37700000000E-05
 -3.24400000000E-05   1.14870000000E-04   1.39730000000E-04
  3.55600000000E-05   1.21010000000E-04  -5.15700000000E-05
 -3.78250000000E-04  -2.49020000000E-04   2.35880000000E-04
 -3.63840000000E-04   4.52810000000E-04  -3.42890000000E-04
 -2.71900000000E-04   1.97480000000E-04  -2.12550000000E-04
 -2.36000000000E-05   2.01720000000E-04  -4.84500000000E-05
 -9.97700000000E-05   9.05000000000E-06  -1.49020000000E-04
 -1.02140000000E-04  -3.76800000000E-05   6.92900000000E-05
 -2.90660000000E-04  -2.87220000000E-04   1.09130000000E-04
 -2.31000000000E-05   6.35500000000E-05  -3.31300000000E-05
  2.47930000000E-04  -5.86160000000E-04  -1.94030000000E-04
 -5.32381000000E-03   3.13747000000E-03  -3.91612000000E-03
 -2.03740000000E-04   2.82380000000E-04   2.20980000000E-04
 -2.14460000000E-04   3.93200000000E-05   5.04900000000E-05
 -2.97990000000E-04   4.89300000000E-05  -4.65800000000E-05
  8.22700000000E-05   5.82900000000E-05  -8.04400000000E-05
 -4.88221000000E-03  -3.46538000000E-03   3.93580000000E-03
 -4.27000000000E-06   6.25000000000E-06   5.59900000000E-05
  1.74678000000E-02  -4.78583000000E-03  -3.23596000000E-03
 -1.53010000000E-04   1.02550000000E-04  -5.34500000000E-05
  4.03502000000E-03  -4.83156000000E-03  -3.23583000000E-03
  7.15900000000E-04  -5.12500000000E-05   1.00270000000E-04
 -1.45150000000E-04   3.45000000000E-05  -5.20800000000E-05
  5.65240000000E-04  -1.43000000000E-05  -3.43300000000E-05
  7.06940000000E-04   1.85690000000E-04  -2.02310000000E-04
  6.83180000000E-04  -1.64550000000E-04  -1.82610000000E-04
 -5.35849000000E-03   1.70832100000E-02  -3.92222000000E-03
  1.05470000000E-04  -1.47780000000E-04  -6.31100000000E-05
 -1.60300000000E-04  -2.74170000000E-04  -2.55210000000E-04
 -3.92800000000E-05  -2.53040000000E-04   3.45700000000E-04
  1.05950000000E-04  -1.08960000000E-04  -5.67500000000E-05
 -3.02910000000E-04  -5.88200000000E-05  -4.22600000000E-05
  2.57590000000E-04  -2.70580000000E-04   3.62130000000E-04
 -5.10981000000E-03   3.05963000000E-03   3.07262000000E-03
  3.45897000000E-03  -5.31681000000E-03   3.49595000000E-03
 -2.53280000000E-04   2.48740000000E-04   3.45380000000E-04
 -3.70556000000E-03  -5.26379000000E-03   3.25389000000E-03
 -1.52180000000E-04   1.82580000000E-04   3.45000000000E-05
 -3.45300000000E-05   1.71600000000E-05   1.39420000000E-04
 -5.17400000000E-05   4.06000000000E-06  -4.92200000000E-05
 -3.67050000000E-04   3.24800000000E-04   2.01520000000E-04
 -1.28100000000E-04  -1.02280000000E-04   5.60200000000E-05
 -1.60480000000E-04   6.90980000000E-04  -1.83390000000E-04
  1.90110000000E-04   7.05560000000E-04  -2.06060000000E-04
 -3.02870000000E-04  -3.45530000000E-04   1.77030000000E-04
  1.39820000000E-04  -1.18560000000E-04   5.48800000000E-05
  2.91100000000E-05   2.97600000000E-05  -5.69300000000E-05
  2.10000000000E-06   1.62800000000E-05  -5.19300000000E-05
  3.46480000000E-04  -3.85950000000E-04   2.09160000000E-04
 -1.07550000000E-04  -1.12370000000E-04   4.29200000000E-05
 -1.00590000000E-04   1.02120000000E-04  -5.99100000000E-05
 -5.49600000000E-05  -3.09650000000E-04  -3.69700000000E-05
  3.07300000000E-05   9.93500000000E-05  -6.21800000000E-05
  2.76100000000E-05  -3.29270000000E-04  -1.17000000000E-05
 -5.21400000000E-05  -1.37100000000E-05  -3.28100000000E-05
 -9.14400000000E-05   4.59100000000E-05  -3.86000000000E-05
  2.78000000000E-05   7.66000000000E-06  -6.28100000000E-05
  1.80100000000E-05   4.57500000000E-05  -3.85700000000E-05
  2.28100000000E-05  -1.36620000000E-04  -4.58000000000E-05
 -1.96900000000E-05   5.62900000000E-04  -4.05300000000E-05
  6.27700000000E-05  -4.08200000000E-05   1.31500000000E-04
 -3.33000000000E-05  -3.45500000000E-05  -5.86100000000E-05
 -2.02500000000E-05  -5.73200000000E-05  -4.28500000000E-05
  4.99500000000E-05  -8.68000000000E-05  -3.58200000000E-05
 -7.84000000000E-06  -3.62900000000E-05  -5.78300000000E-05
  1.00100000000E-05  -3.12600000000E-05   1.40310000000E-04
 -2.73110000000E-04  -4.86500000000E-05   3.64020000000E-04
 -2.89150000000E-04  -1.56790000000E-04  -2.58560000000E-04
 -3.79580000000E-04   4.01450000000E-04  -8.68200000000E-05
 -1.02010000000E-04  -4.14230000000E-04   3.23300000000E-05
 -2.93500000000E-05  -2.09700000000E-05  -7.27300000000E-05
 -2.35300000000E-05   5.34000000000E-05   1.49410000000E-04
 -3.65980000000E-04  -3.18190000000E-04   1.95940000000E-04
 -1.02630000000E-04   1.54600000000E-04   4.78700000000E-05
 -5.10500000000E-05   7.15710000000E-04   1.01270000000E-04
 -5.01381000000E-03   4.43518000000E-03  -3.63916000000E-03
  3.84900000000E-04  -3.57020000000E-04  -7.75800000000E-05
 -4.06460000000E-04  -1.09900000000E-04   2.04800000000E-05
 -3.22450000000E-04   2.08800000000E-05  -2.39400000000E-05
  1.06700000000E-04   2.85400000000E-05  -5.66900000000E-05
 -5.47204000000E-03  -4.10787000000E-03   3.62058000000E-03
  1.92680000000E-04  -1.42950000000E-04   2.90100000000E-05
 -2.05509900000E-02  -1.50690000000E-04   3.28160000000E-04
 -2.08070000000E-04  -1.52760000000E-04   3.25890000000E-04
 -7.96810000000E-04  -1.35000000000E-05  -7.98590000000E-04
 -6.56810000000E-04   1.57790000000E-04  -1.29160000000E-04
 -5.71000000000E-06  -1.35400000000E-05   7.49900000000E-05
 -5.05670000000E-04  -1.40800000000E-05   7.53200000000E-05
 -4.92810000000E-04   4.68000000000E-06  -5.07680000000E-04
 -6.41820000000E-04   1.62960000000E-04   1.64960000000E-04
  8.56557000000E-03   4.02730000000E-04   8.74973000000E-03
 -4.24500000000E-05   1.65700000000E-05   8.36000000000E-06
  2.49680000000E-04  -8.81700000000E-05  -1.37860000000E-04
 -1.30190000000E-04  -7.60100000000E-05  -5.50100000000E-05
 -3.13000000000E-05  -7.79000000000E-06  -3.02200000000E-05
  3.50320000000E-04  -6.80000000000E-07   5.26700000000E-05
 -3.86791000000E-03  -3.84120000000E-03   5.12394000000E-03
  5.12015000000E-03  -3.83406000000E-03  -3.81729000000E-03
  3.21620000000E-04   1.44800000000E-04  -2.05515200000E-02
  3.27250000000E-04  -1.51630000000E-04  -2.54490000000E-04
  4.68490000000E-04   8.08000000000E-06   4.69460000000E-04
  2.14930000000E-04   1.90280000000E-04   3.34270000000E-04
  6.32500000000E-05   6.82000000000E-06  -1.71300000000E-05
  6.21800000000E-05  -8.70000000000E-06   1.26050000000E-04
  1.81280000000E-04  -1.04100000000E-05   1.65000000000E-04
 -8.89100000000E-05  -1.91990000000E-04   3.17960000000E-04
  3.79463000000E-03   3.73937000000E-03   5.20567000000E-03
  2.95100000000E-05   9.11000000000E-06   1.04100000000E-05
 -4.28900000000E-05   9.27100000000E-05  -1.38730000000E-04
 -8.93000000000E-05   7.28200000000E-05  -1.75100000000E-05
  1.04400000000E-05   2.00900000000E-05  -6.73100000000E-05
  5.66500000000E-05  -4.90000000000E-06   5.27900000000E-05
 -3.41329000000E-03   3.43640000000E-03   4.92642000000E-03
 -3.26000000000E-05   9.26400000000E-05  -7.44300000000E-05
 -2.45870000000E-04   1.44430000000E-04   3.15010000000E-04
  3.17280000000E-04   1.49310000000E-04   3.25670000000E-04
 -1.43870000000E-04  -1.77520000000E-04  -6.78810000000E-04
  8.03000000000E-06  -1.31900000000E-05   1.34300000000E-05
  1.15090000000E-04   1.16900000000E-05   7.61300000000E-05
 -4.48300000000E-05   1.16700000000E-05   7.54400000000E-05
  1.64950000000E-04  -1.45510000000E-04  -6.45490000000E-04
  2.18200000000E-05   1.12100000000E-05   4.03200000000E-05
  5.49000000000E-06  -2.42000000000E-06  -3.81300000000E-05
  4.80500000000E-05  -5.30000000000E-07   4.83800000000E-05
 -8.00700000000E-05  -8.12100000000E-05   2.66320000000E-04
 -2.89100000000E-05  -7.00900000000E-05  -8.36000000000E-05
  4.83500000000E-05  -5.12000000000E-06   3.40070000000E-04
 -2.90000000000E-06   5.67000000000E-06  -2.12000000000E-06
 -4.33500000000E-05  -9.67400000000E-05  -1.33600000000E-04
 -8.05200000000E-05  -9.58300000000E-05  -4.62200000000E-05
  3.14560000000E-04   1.45320000000E-04  -1.99110000000E-04
  3.14860000000E-04  -1.48770000000E-04   3.08280000000E-04
  3.27290000000E-04  -1.94490000000E-04   2.22180000000E-04
  1.00520000000E-04  -1.20500000000E-05   9.30900000000E-05
  8.72700000000E-05   1.47000000000E-05  -5.15330000000E-04
  8.80400000000E-05  -1.85100000000E-05  -3.33900000000E-05
  3.02220000000E-04   1.92300000000E-04  -7.08200000000E-05
  7.51100000000E-05   1.05500000000E-05   5.82100000000E-05
 -5.25100000000E-05   5.44000000000E-06  -3.91800000000E-05
  4.99941000000E-03  -3.34351000000E-03   3.39769000000E-03
 -1.43450000000E-04   1.01370000000E-04   2.47420000000E-04
  2.64010000000E-04   8.07400000000E-05  -8.68800000000E-05
  3.42670000000E-04  -3.60000000000E-07   3.49720000000E-04
 -6.66700000000E-05  -2.21100000000E-05   1.00400000000E-05
  4.91266000000E-03   3.44934000000E-03  -3.48448000000E-03
 -1.43150000000E-04   9.64800000000E-05  -4.53400000000E-05
 -2.11591000000E-02   1.57300000000E-04  -3.37750000000E-04
  3.84300000000E-04   1.45940000000E-04  -3.15370000000E-04
 -5.03830000000E-04  -2.96330000000E-04   5.04190000000E-04
 -6.32480000000E-04   1.33630000000E-04  -1.60140000000E-04
  1.89000000000E-04   1.37100000000E-05  -7.53300000000E-05
 -6.98890000000E-04   1.42900000000E-05  -7.50700000000E-05
 -7.88420000000E-04  -2.88050000000E-04   7.90810000000E-04
 -6.66930000000E-04   1.38810000000E-04   1.35840000000E-04
  1.39683000000E-03   7.54537000000E-03  -1.38275000000E-03
 -1.47090000000E-04   1.20460000000E-04   7.73800000000E-05
  3.73000000000E-04   1.48900000000E-05   6.31400000000E-05
 -5.55500000000E-05  -6.20000000000E-06  -8.50000000000E-05
 -1.55310000000E-04   9.56300000000E-05   1.70590000000E-04
  2.73350000000E-04   6.91600000000E-05   2.17000000000E-05
  3.29471000000E-03   3.32019000000E-03  -5.01319000000E-03
  5.22685000000E-03  -3.73037000000E-03  -3.74699000000E-03
  3.29450000000E-04   1.57630000000E-04   2.11510200000E-02
  3.26660000000E-04  -1.50410000000E-04  -3.47700000000E-04
  1.78580000000E-04   6.01950000000E-04  -1.78300000000E-04
 -8.12100000000E-05  -3.99970000000E-04  -3.07740000000E-04
  6.31000000000E-05   8.73000000000E-06  -2.01060000000E-04
  6.42100000000E-05  -6.44000000000E-06   9.23000000000E-05
  4.79330000000E-04  -5.99880000000E-04  -4.77220000000E-04
  2.08830000000E-04   4.02110000000E-04  -3.22800000000E-04
 -3.37107000000E-03  -3.43455000000E-03  -4.92892000000E-03
 -7.49100000000E-05  -9.86300000000E-05   7.89200000000E-05
  8.07600000000E-05  -1.45400000000E-05   6.39000000000E-05
 -1.39900000000E-05  -4.80000000000E-07  -4.87000000000E-05
 -1.12750000000E-04  -8.69000000000E-05   1.33110000000E-04
 -1.99600000000E-05  -7.83500000000E-05   2.25400000000E-05
  3.75140000000E-03  -3.73090000000E-03  -5.21195000000E-03
  7.32900000000E-05  -1.45900000000E-05  -5.78000000000E-06
  3.46870000000E-04  -1.51210000000E-04  -3.25330000000E-04
 -2.74760000000E-04  -1.42840000000E-04  -3.15130000000E-04
  1.55080000000E-04   1.20450000000E-04   6.21870000000E-04
  3.34400000000E-05   1.43700000000E-05  -1.57700000000E-05
 -7.96400000000E-05  -1.15300000000E-05  -7.64300000000E-05
  1.49710000000E-04  -1.14800000000E-05  -7.52000000000E-05
 -1.31700000000E-04   1.52330000000E-04   6.53990000000E-04
 -3.47000000000E-06   3.81400000000E-05   1.09500000000E-05
 -9.96900000000E-05   1.20550000000E-04   1.62330000000E-04
 -2.37600000000E-05   7.08100000000E-05   1.78200000000E-05
 -4.35000000000E-06  -6.94000000000E-06  -3.48020000000E-04
  5.01200000000E-05   6.57000000000E-06   9.60000000000E-06
 -2.75000000000E-05   6.91700000000E-05  -2.71950000000E-04
 -8.11600000000E-05   8.23400000000E-05   8.96200000000E-05
  6.24200000000E-05   2.52600000000E-05   6.70300000000E-05
 -8.41000000000E-06  -2.15900000000E-05  -7.75300000000E-05
  3.14620000000E-04   1.47010000000E-04  -3.82970000000E-04
  3.14490000000E-04  -1.43690000000E-04   2.73920000000E-04
  3.01990000000E-04  -3.86560000000E-04   6.99800000000E-05
  7.54300000000E-05   1.83740000000E-04  -5.76600000000E-05
  8.78900000000E-05   1.93100000000E-05   6.86770000000E-04
  8.80100000000E-05  -1.65300000000E-05  -1.37110000000E-04
  3.27170000000E-04   3.88550000000E-04  -2.21950000000E-04
  1.00920000000E-04  -1.82260000000E-04  -9.31700000000E-05
 -1.56560000000E-04  -1.19490000000E-04   1.60760000000E-04
  4.92583000000E-03  -3.42773000000E-03   3.36682000000E-03
 -6.72100000000E-05   2.30600000000E-05  -3.64730000000E-04
  3.43740000000E-04   3.20000000000E-07   5.67000000000E-06
  2.65430000000E-04  -8.00400000000E-05  -2.62500000000E-04
 -1.44300000000E-04  -1.02370000000E-04   1.01310000000E-04
  5.01820000000E-03   3.32081000000E-03  -3.28001000000E-03
 -7.10000000000E-05   1.82700000000E-05  -7.66700000000E-05
  2.11353600000E-02  -1.39280000000E-04   3.02800000000E-04
 -3.92240000000E-04  -1.50810000000E-04   3.25930000000E-04
  4.98230000000E-04   2.97040000000E-04  -4.98290000000E-04
  6.40960000000E-04  -1.37850000000E-04   1.65900000000E-04
 -1.89680000000E-04  -1.16900000000E-05   7.55900000000E-05
  6.98810000000E-04  -1.11600000000E-05   7.57700000000E-05
  8.06720000000E-04   3.05180000000E-04  -8.04840000000E-04
  6.56850000000E-04  -1.32380000000E-04  -1.31320000000E-04
 -1.57495000000E-03  -6.78685000000E-03   1.58845000000E-03
  1.58240000000E-04  -1.08690000000E-04  -9.66100000000E-05
 -3.65040000000E-04  -1.42000000000E-05  -6.14500000000E-05
  6.87300000000E-05   2.69100000000E-05   7.00200000000E-05
  1.69100000000E-04  -1.14800000000E-04  -1.54260000000E-04
 -2.64330000000E-04  -7.91000000000E-05  -2.37800000000E-05
 -3.67104000000E-03  -3.72117000000E-03   5.22886000000E-03
 -5.01633000000E-03   3.33072000000E-03   3.35017000000E-03
 -2.95670000000E-04  -1.40100000000E-04  -2.11278300000E-02
 -3.15210000000E-04   1.47130000000E-04   3.37440000000E-04
 -1.66020000000E-04  -5.81800000000E-04   1.65740000000E-04
  6.42600000000E-05   3.86650000000E-04   3.08360000000E-04
 -8.83600000000E-05  -1.67300000000E-05   1.77160000000E-04
 -8.72300000000E-05   1.84700000000E-05  -6.78100000000E-05
 -4.59760000000E-04   5.84560000000E-04   4.61450000000E-04
 -2.39820000000E-04  -3.84420000000E-04   3.43720000000E-04
  3.76373000000E-03   3.80794000000E-03   5.13580000000E-03
  9.84800000000E-05   1.12040000000E-04  -9.49700000000E-05
 -7.48600000000E-05   1.86700000000E-05  -6.08600000000E-05
  1.19000000000E-06  -7.22000000000E-06   6.06700000000E-05
  1.02640000000E-04   9.64800000000E-05  -1.46140000000E-04
  2.50200000000E-05   6.50500000000E-05  -2.28300000000E-05
 -3.34595000000E-03   3.33002000000E-03   5.03027000000E-03
 -6.31700000000E-05   1.46100000000E-05  -2.77000000000E-06
 -3.38720000000E-04   1.46200000000E-04   3.15930000000E-04
  2.82770000000E-04   1.54350000000E-04   3.26190000000E-04
 -1.72180000000E-04  -1.51280000000E-04  -6.52590000000E-04
 -2.18500000000E-05  -3.60200000000E-05   3.90400000000E-05
  7.99700000000E-05   1.35300000000E-05   7.44700000000E-05
 -1.48700000000E-04   1.35600000000E-05   7.57200000000E-05
  1.35100000000E-04  -1.18950000000E-04  -6.70490000000E-04
 -7.96000000000E-06  -1.23700000000E-05   1.51200000000E-05
  7.38500000000E-05  -1.08670000000E-04  -1.43560000000E-04
  1.68700000000E-05  -8.13000000000E-05  -2.32200000000E-05
  1.09500000000E-05  -4.82000000000E-06   3.43770000000E-04
 -5.97500000000E-05  -9.00000000000E-08  -6.20000000000E-06
  1.75100000000E-05  -7.90000000000E-05   2.65090000000E-04
  8.87600000000E-05  -7.46500000000E-05  -8.06000000000E-05
 -7.39300000000E-05  -2.24800000000E-05  -6.19000000000E-05
 -1.17200000000E-05   7.54000000000E-06   5.84900000000E-05
 -3.27010000000E-04  -1.49850000000E-04   3.93100000000E-04
 -3.27170000000E-04   1.53430000000E-04  -2.84030000000E-04
 -3.14460000000E-04   3.99990000000E-04  -7.61300000000E-05
 -5.05900000000E-05  -2.04950000000E-04   6.79400000000E-05
 -6.43900000000E-05  -7.52000000000E-06  -7.10390000000E-04
 -6.33500000000E-05   8.64000000000E-06   1.60860000000E-04
 -3.39820000000E-04  -3.97880000000E-04   2.26070000000E-04
 -7.56100000000E-05   2.06460000000E-04   8.30300000000E-05
  1.48940000000E-04   1.28940000000E-04  -1.45170000000E-04
 -5.13971000000E-03   3.81437000000E-03  -3.76804000000E-03
  5.69100000000E-05  -6.06000000000E-06   3.72870000000E-04
 -3.48520000000E-04   2.37000000000E-06  -1.00400000000E-05
 -2.72030000000E-04   7.22000000000E-05   2.74550000000E-04
  1.34340000000E-04   8.12100000000E-05  -1.14690000000E-04
 -5.22463000000E-03  -3.72066000000E-03   3.68507000000E-03
  5.74500000000E-05  -2.94900000000E-05   5.94000000000E-05
  2.05592400000E-02   1.45700000000E-04  -3.14200000000E-04
  2.00140000000E-04   1.44280000000E-04  -3.15470000000E-04
  7.98540000000E-04  -1.35000000000E-05   7.96840000000E-04
  6.67360000000E-04  -1.64030000000E-04   1.37910000000E-04
  4.67000000000E-06   1.17100000000E-05  -7.57600000000E-05
  5.03790000000E-04   1.10800000000E-05  -7.55800000000E-05
  5.09720000000E-04   4.56000000000E-06   4.94830000000E-04
  6.32010000000E-04  -1.59110000000E-04  -1.61060000000E-04
 -8.73632000000E-03   4.02700000000E-04  -8.55170000000E-03
  5.31000000000E-05  -2.41000000000E-06  -2.80000000000E-05
 -2.39460000000E-04   9.32000000000E-05   1.39170000000E-04
  1.46740000000E-04   1.00910000000E-04   3.83500000000E-05
  4.52200000000E-05  -7.91000000000E-06   4.63400000000E-05
 -3.39270000000E-04  -5.25000000000E-06  -5.44400000000E-05
  3.49882000000E-03   3.44865000000E-03  -4.90792000000E-03
 -4.91230000000E-03   3.43703000000E-03   3.41776000000E-03
 -3.36760000000E-04  -1.50420000000E-04   2.05426400000E-02
 -3.14020000000E-04   1.45410000000E-04   2.44810000000E-04
 -4.69540000000E-04   8.08000000000E-06  -4.68650000000E-04
 -2.33700000000E-04  -2.07870000000E-04  -3.33110000000E-04
 -8.75300000000E-05  -1.85100000000E-05  -6.64000000000E-06
 -8.86700000000E-05   1.65100000000E-05  -1.02630000000E-04
 -1.63090000000E-04  -1.06000000000E-05  -1.79360000000E-04
  5.73100000000E-05   2.05710000000E-04  -2.98170000000E-04
 -3.40219000000E-03  -3.35027000000E-03  -5.00259000000E-03
 -6.67000000000E-06   9.19000000000E-06  -2.58500000000E-05
  5.05700000000E-05  -8.42200000000E-05   1.38190000000E-04
  7.89000000000E-05  -7.73400000000E-05   3.00800000000E-05
 -2.17700000000E-05  -6.81000000000E-06   5.51100000000E-05
 -5.02600000000E-05  -5.02000000000E-06  -5.41500000000E-05
  3.82150000000E-03  -3.83477000000E-03  -5.10563000000E-03
  4.18500000000E-05  -8.88100000000E-05   6.61800000000E-05
  2.53560000000E-04  -1.52510000000E-04  -3.26310000000E-04
 -3.09250000000E-04  -1.47860000000E-04  -3.15670000000E-04
  1.24770000000E-04   1.45250000000E-04   6.46320000000E-04
  3.96000000000E-06  -1.32200000000E-05   9.36000000000E-06
 -1.13530000000E-04  -1.36500000000E-05  -7.47100000000E-05
  4.58600000000E-05  -1.36400000000E-05  -7.54700000000E-05
 -1.61000000000E-04   1.76290000000E-04   6.28440000000E-04
 -3.28100000000E-05   1.11500000000E-05  -1.43900000000E-05
 -3.07800000000E-05   1.66700000000E-05   5.74800000000E-05
 -5.45500000000E-05  -5.50000000000E-07  -5.41700000000E-05
  8.80300000000E-05   7.33900000000E-05  -2.68610000000E-04
  1.86800000000E-05   8.00400000000E-05   8.46000000000E-05
 -5.87000000000E-05  -8.20000000000E-07  -3.49390000000E-04
  1.06000000000E-05   5.58000000000E-06   1.12800000000E-05
  3.10200000000E-05   1.03490000000E-04   1.38940000000E-04
  6.01800000000E-05   8.55400000000E-05   2.80500000000E-05
 -3.26820000000E-04  -1.51690000000E-04   2.09110000000E-04
 -3.26560000000E-04   1.48330000000E-04  -3.18300000000E-04
 -3.39430000000E-04   2.03360000000E-04  -2.25740000000E-04
 -7.56300000000E-05  -1.20100000000E-05  -8.30100000000E-05
 -6.27600000000E-05  -9.23000000000E-06   4.93230000000E-04
 -6.28300000000E-05   6.68000000000E-06   5.72100000000E-05
 -3.13860000000E-04  -2.05620000000E-04   7.54100000000E-05
 -5.05900000000E-05   1.03800000000E-05  -6.74200000000E-05
  4.29800000000E-05   5.46000000000E-06   5.63400000000E-05
 -5.20937000000E-03   3.74585000000E-03  -3.79860000000E-03
  1.33450000000E-04  -8.00400000000E-05  -2.41680000000E-04
 -2.70920000000E-04  -7.39100000000E-05   8.12200000000E-05
 -3.47050000000E-04  -5.10000000000E-07  -3.39860000000E-04
  5.56900000000E-05   4.56000000000E-06  -2.22400000000E-05
 -5.11957000000E-03  -3.84068000000E-03   3.88225000000E-03
  1.29260000000E-04  -1.03920000000E-04   2.90600000000E-05
