# Filename: vasprun_01.xml, Snapshot: 1, E_pot (eV): -367.7888494
      0.0188972       0.0000000       0.0000000      -5.14383969E-03  0.00000000E+00 -0.00000000E+00
      0.0000000       0.0000000       0.0000000       1.76869598E-05  0.00000000E+00 -0.00000000E+00
      0.0000000       0.0000000       0.0000000      -1.64709837E-04 -3.61727984E-05 -3.61727984E-05
      0.0000000       0.0000000       0.0000000      -1.64301841E-04  3.57056838E-05 -3.57056838E-05
      0.0000000       0.0000000       0.0000000       1.76869598E-05  0.00000000E+00 -0.00000000E+00
      0.0000000       0.0000000       0.0000000      -1.52969352E-04  0.00000000E+00 -0.00000000E+00
      0.0000000       0.0000000       0.0000000      -1.64301841E-04 -3.57056838E-05  3.57056838E-05
      0.0000000       0.0000000       0.0000000      -1.64709837E-04  3.61727984E-05  3.61727984E-05
      0.0000000       0.0000000       0.0000000       1.26272408E-03  8.99602919E-04  8.99602919E-04
      0.0000000       0.0000000       0.0000000      -1.99011843E-05  1.52191476E-05  1.30772655E-05
      0.0000000       0.0000000       0.0000000       8.05366331E-05 -9.26995051E-06 -9.26995051E-06
      0.0000000       0.0000000       0.0000000      -1.99011843E-05 -1.30772655E-05 -1.52191476E-05
      0.0000000       0.0000000       0.0000000      -1.99011843E-05  1.30772655E-05  1.52191476E-05
      0.0000000       0.0000000       0.0000000       8.05366331E-05  9.26995051E-06  9.26995051E-06
      0.0000000       0.0000000       0.0000000      -1.99011843E-05 -1.52191476E-05 -1.30772655E-05
      0.0000000       0.0000000       0.0000000       1.26272408E-03 -8.99602919E-04 -8.99602919E-04
      0.0000000       0.0000000       0.0000000       7.34894638E-05  3.61315710E-05  7.15595529E-05
      0.0000000       0.0000000       0.0000000       7.34894638E-05 -3.61315710E-05 -7.15595529E-05
      0.0000000       0.0000000       0.0000000       7.34894638E-05  7.15595529E-05  3.61315710E-05
      0.0000000       0.0000000       0.0000000       1.37341819E-05 -2.38714644E-05  3.10994899E-06
      0.0000000       0.0000000       0.0000000       1.37341819E-05  3.10994899E-06 -2.38714644E-05
      0.0000000       0.0000000       0.0000000       1.37341819E-05 -3.10994899E-06  2.38714644E-05
      0.0000000       0.0000000       0.0000000       7.34894638E-05 -7.15595529E-05 -3.61315710E-05
      0.0000000       0.0000000       0.0000000       1.37341819E-05  2.38714644E-05 -3.10994899E-06
      0.0000000       0.0000000       0.0000000       8.74955134E-06 -9.36640716E-06  8.75149603E-06
      0.0000000       0.0000000       0.0000000      -4.16436016E-06 -1.29718633E-05  1.29718633E-05
      0.0000000       0.0000000       0.0000000       8.74955134E-06  8.75149603E-06 -9.36640716E-06
      0.0000000       0.0000000       0.0000000      -6.59016705E-06  9.58110099E-06 -9.58110099E-06
      0.0000000       0.0000000       0.0000000      -6.59016705E-06 -9.58110099E-06  9.58110099E-06
      0.0000000       0.0000000       0.0000000       8.74955134E-06 -8.75149603E-06  9.36640716E-06
      0.0000000       0.0000000       0.0000000      -4.16436016E-06  1.29718633E-05 -1.29718633E-05
      0.0000000       0.0000000       0.0000000       8.74955134E-06  9.36640716E-06 -8.75149603E-06
      0.0000000       0.0000000       0.0000000       6.61311440E-06  0.00000000E+00 -0.00000000E+00
      0.0000000       0.0000000       0.0000000      -1.15786870E-06  0.00000000E+00 -0.00000000E+00
      0.0000000       0.0000000       0.0000000      -1.16953685E-06 -3.07727819E-06 -3.07727819E-06
      0.0000000       0.0000000       0.0000000      -1.06257887E-06  3.10683749E-06 -3.10683749E-06
      0.0000000       0.0000000       0.0000000      -1.15786870E-06  0.00000000E+00 -0.00000000E+00
      0.0000000       0.0000000       0.0000000       8.02651543E-06  0.00000000E+00 -0.00000000E+00
      0.0000000       0.0000000       0.0000000      -1.06257887E-06 -3.10683749E-06  3.10683749E-06
      0.0000000       0.0000000       0.0000000      -1.16953685E-06  3.07727819E-06  3.07727819E-06
      0.0000000       0.0000000       0.0000000      -4.16397122E-06  1.29924770E-05  1.29924770E-05
      0.0000000       0.0000000       0.0000000       8.54769247E-06  9.15326908E-06  8.58425265E-06
      0.0000000       0.0000000       0.0000000      -6.59872369E-06 -9.62271736E-06 -9.62271736E-06
      0.0000000       0.0000000       0.0000000       8.54769247E-06 -8.58425265E-06 -9.15326908E-06
      0.0000000       0.0000000       0.0000000       8.54769247E-06  8.58425265E-06  9.15326908E-06
      0.0000000       0.0000000       0.0000000      -6.59872369E-06  9.62271736E-06  9.62271736E-06
      0.0000000       0.0000000       0.0000000       8.54769247E-06 -9.15326908E-06 -8.58425265E-06
      0.0000000       0.0000000       0.0000000      -4.16397122E-06 -1.29924770E-05 -1.29924770E-05
      0.0000000       0.0000000       0.0000000       7.28586062E-05  3.57173519E-05 -7.10803812E-05
      0.0000000       0.0000000       0.0000000       7.28586062E-05 -3.57173519E-05  7.10803812E-05
      0.0000000       0.0000000       0.0000000       7.28586062E-05 -7.10803812E-05  3.57173519E-05
      0.0000000       0.0000000       0.0000000       1.37201802E-05  2.39344724E-05  3.11033793E-06
      0.0000000       0.0000000       0.0000000       1.37201802E-05  3.11033793E-06  2.39344724E-05
      0.0000000       0.0000000       0.0000000       1.37201802E-05 -3.11033793E-06 -2.39344724E-05
      0.0000000       0.0000000       0.0000000       7.28586062E-05  7.10803812E-05 -3.57173519E-05
      0.0000000       0.0000000       0.0000000       1.37201802E-05 -2.39344724E-05 -3.11033793E-06
      0.0000000       0.0000000       0.0000000      -1.97020480E-05 -1.53618879E-05  1.29213013E-05
      0.0000000       0.0000000       0.0000000       1.25083308E-03 -8.76060107E-04  8.76060107E-04
      0.0000000       0.0000000       0.0000000      -1.97020480E-05  1.29213013E-05 -1.53618879E-05
      0.0000000       0.0000000       0.0000000       8.02293720E-05  9.22327794E-06 -9.22327794E-06
      0.0000000       0.0000000       0.0000000       8.02293720E-05 -9.22327794E-06  9.22327794E-06
      0.0000000       0.0000000       0.0000000      -1.97020480E-05 -1.29213013E-05  1.53618879E-05
      0.0000000       0.0000000       0.0000000       1.25083308E-03  8.76060107E-04 -8.76060107E-04
      0.0000000       0.0000000       0.0000000      -1.97020480E-05  1.53618879E-05 -1.29213013E-05
