      0.0188973       0.0000000       0.0000000	-5.34817387E-03  5.20000000E-11 -4.80000000E-11
      0.0000000       0.0000000       0.0000000	 1.84065480E-05 -2.40000000E-11  1.80000000E-11
      0.0000000       0.0000000       0.0000000	-1.75101518E-04 -4.08334680E-05 -4.09562800E-05
      0.0000000       0.0000000       0.0000000	-1.74664058E-04  4.03706460E-05 -4.04933840E-05
      0.0000000       0.0000000       0.0000000	 1.82671740E-05 -8.00000000E-12 -2.40000000E-11
      0.0000000       0.0000000       0.0000000	-1.59029814E-04 -2.20000000E-11  2.80000000E-11
      0.0000000       0.0000000       0.0000000	-1.74664062E-04 -4.03706460E-05  4.04933800E-05
      0.0000000       0.0000000       0.0000000	-1.75101516E-04  4.08335460E-05  4.09562460E-05
      0.0000000       0.0000000       0.0000000	 1.31307554E-03  9.18264448E-04  9.18374826E-04
      0.0000000       0.0000000       0.0000000	-2.03857520E-05  1.61651400E-05  1.39031160E-05
      0.0000000       0.0000000       0.0000000	 8.47430960E-05 -9.28084000E-06 -9.30876200E-06
      0.0000000       0.0000000       0.0000000	-2.04143900E-05 -1.39311480E-05 -1.60549460E-05
      0.0000000       0.0000000       0.0000000	-2.04143980E-05  1.39310560E-05  1.60548820E-05
      0.0000000       0.0000000       0.0000000	 8.47431900E-05  9.28066400E-06  9.30883200E-06
      0.0000000       0.0000000       0.0000000	-2.03857760E-05 -1.61650260E-05 -1.39030300E-05
      0.0000000       0.0000000       0.0000000	 1.31307554E-03 -9.18264438E-04 -9.18374822E-04
      0.0000000       0.0000000       0.0000000	 7.62255300E-05  4.07822860E-05  7.46500760E-05
      0.0000000       0.0000000       0.0000000	 7.62254800E-05 -4.07821460E-05 -7.46500940E-05
      0.0000000       0.0000000       0.0000000	 7.62375160E-05  7.47028560E-05  4.09780320E-05
      0.0000000       0.0000000       0.0000000	 1.38605880E-05 -2.51928060E-05  3.35875800E-06
      0.0000000       0.0000000       0.0000000	 1.38726060E-05  3.36456400E-06 -2.51402000E-05
      0.0000000       0.0000000       0.0000000	 1.38726000E-05 -3.36464200E-06  2.51401180E-05
      0.0000000       0.0000000       0.0000000	 7.62374860E-05 -7.47028060E-05 -4.09780180E-05
      0.0000000       0.0000000       0.0000000	 1.38605840E-05  2.51928300E-05 -3.35874600E-06
      0.0000000       0.0000000       0.0000000	 9.55424400E-06 -9.45756000E-06  8.09848000E-06
      0.0000000       0.0000000       0.0000000	-4.17490200E-06 -1.37464500E-05  1.38177360E-05
      0.0000000       0.0000000       0.0000000	 9.52450600E-06  8.09860600E-06 -9.38639400E-06
      0.0000000       0.0000000       0.0000000	-6.51889200E-06  1.01430600E-05 -1.01431700E-05
      0.0000000       0.0000000       0.0000000	-6.51889800E-06 -1.01431160E-05  1.01432340E-05
      0.0000000       0.0000000       0.0000000	 9.52451000E-06 -8.09877400E-06  9.38644000E-06
      0.0000000       0.0000000       0.0000000	-4.17483800E-06  1.37465320E-05 -1.38177340E-05
      0.0000000       0.0000000       0.0000000	 9.55423600E-06  9.45763800E-06 -8.09851200E-06
      0.0000000       0.0000000       0.0000000	 8.47068200E-06  3.40000000E-11 -1.40000000E-11
      0.0000000       0.0000000       0.0000000	-2.49830000E-06  3.00000000E-11 -2.00000000E-11
      0.0000000       0.0000000       0.0000000	-1.21982000E-06 -3.32573800E-06 -3.32512200E-06
      0.0000000       0.0000000       0.0000000	-1.11122000E-06  3.35741200E-06 -3.35668000E-06
      0.0000000       0.0000000       0.0000000	-2.28231600E-06 -6.00000000E-12 -5.40000000E-11
      0.0000000       0.0000000       0.0000000	 8.11479600E-06 -5.60000000E-11  2.00000000E-11
      0.0000000       0.0000000       0.0000000	-1.11121000E-06 -3.35734400E-06  3.35668200E-06
      0.0000000       0.0000000       0.0000000	-1.21969400E-06  3.32575800E-06  3.32513200E-06
      0.0000000       0.0000000       0.0000000	-4.27271000E-06  1.38221920E-05  1.38920980E-05
      0.0000000       0.0000000       0.0000000	 9.34254400E-06  9.21827600E-06  7.93351800E-06
      0.0000000       0.0000000       0.0000000	-6.52310400E-06 -1.01901760E-05 -1.01895240E-05
      0.0000000       0.0000000       0.0000000	 9.31219600E-06 -7.93285400E-06 -9.14823000E-06
      0.0000000       0.0000000       0.0000000	 9.31229400E-06  7.93277000E-06  9.14833200E-06
      0.0000000       0.0000000       0.0000000	-6.52307800E-06  1.01900840E-05  1.01894840E-05
      0.0000000       0.0000000       0.0000000	 9.34246800E-06 -9.21827400E-06 -7.93349400E-06
      0.0000000       0.0000000       0.0000000	-4.27270600E-06 -1.38221180E-05 -1.38920980E-05
      0.0000000       0.0000000       0.0000000	 7.55625920E-05  4.02661440E-05 -7.41206660E-05
      0.0000000       0.0000000       0.0000000	 7.55626200E-05 -4.02660140E-05  7.41206960E-05
      0.0000000       0.0000000       0.0000000	 7.55743560E-05 -7.41714940E-05  4.04611440E-05
      0.0000000       0.0000000       0.0000000	 1.38470140E-05  2.52628860E-05  3.35321600E-06
      0.0000000       0.0000000       0.0000000	 1.38586940E-05  3.35894400E-06  2.52119560E-05
      0.0000000       0.0000000       0.0000000	 1.38588920E-05 -3.35902800E-06 -2.52120260E-05
      0.0000000       0.0000000       0.0000000	 7.55743680E-05  7.41714900E-05 -4.04611660E-05
      0.0000000       0.0000000       0.0000000	 1.38470460E-05 -2.52628780E-05 -3.35325200E-06
      0.0000000       0.0000000       0.0000000	-2.01889780E-05 -1.63198900E-05  1.37227540E-05
      0.0000000       0.0000000       0.0000000	 1.30064906E-03 -8.93924900E-04  8.94037902E-04
      0.0000000       0.0000000       0.0000000	-2.02160220E-05  1.37509400E-05 -1.62071460E-05
      0.0000000       0.0000000       0.0000000	 8.44286840E-05  9.22566600E-06 -9.25391200E-06
      0.0000000       0.0000000       0.0000000	 8.44287100E-05 -9.22564800E-06  9.25398600E-06
      0.0000000       0.0000000       0.0000000	-2.02160720E-05 -1.37511140E-05  1.62071820E-05
      0.0000000       0.0000000       0.0000000	 1.30064907E-03  8.93924920E-04 -8.94037944E-04
      0.0000000       0.0000000       0.0000000	-2.01890480E-05  1.63199800E-05 -1.37227960E-05
