&general
 PREFIX = super444_0.01
 MODE = suggest
 NAT = 128
 NKD = 2; KD = Pb Te 
 TOLERANCE = 1.0e-3
/

&interaction
 NORDER = 1
/

&cutoff
 *-* None
/

&cell
    1.88972612545783
     0.0000000000000    12.9000000000000    12.9000000000000
    12.9000000000000     0.0000000000000    12.9000000000000
    12.9000000000000    12.9000000000000     0.0000000000000
/

&position
   1     0.00000000000000     0.00000000000000     0.00000000000000
   1     0.00000000000000     1.00000000000000     0.25000000000000
   1     0.00000000000000     1.00000000000000     0.50000000000000
   1     0.00000000000000     1.00000000000000     0.75000000000000
   1     0.00000000000000     0.25000000000000     1.00000000000000
   1     0.00000000000000     0.25000000000000     0.25000000000000
   1     0.00000000000000     0.25000000000000     0.50000000000000
   1     0.00000000000000     0.25000000000000     0.75000000000000
   1     0.00000000000000     0.50000000000000     1.00000000000000
   1     0.00000000000000     0.50000000000000     0.25000000000000
   1     0.00000000000000     0.50000000000000     0.50000000000000
   1     0.00000000000000     0.50000000000000     0.75000000000000
   1     0.00000000000000     0.75000000000000     1.00000000000000
   1     0.00000000000000     0.75000000000000     0.25000000000000
   1     0.00000000000000     0.75000000000000     0.50000000000000
   1     0.00000000000000     0.75000000000000     0.75000000000000
   1     0.25000000000000     0.00000000000000     1.00000000000000
   1     0.25000000000000     0.00000000000000     0.25000000000000
   1     0.25000000000000     1.00000000000000     0.50000000000000
   1     0.25000000000000     0.00000000000000     0.75000000000000
   1     0.25000000000000     0.25000000000000     1.00000000000000
   1     0.25000000000000     0.25000000000000     0.25000000000000
   1     0.25000000000000     0.25000000000000     0.50000000000000
   1     0.25000000000000     0.25000000000000     0.75000000000000
   1     0.25000000000000     0.50000000000000     1.00000000000000
   1     0.25000000000000     0.50000000000000     0.25000000000000
   1     0.25000000000000     0.50000000000000     0.50000000000000
   1     0.25000000000000     0.50000000000000     0.75000000000000
   1     0.25000000000000     0.75000000000000     1.00000000000000
   1     0.25000000000000     0.75000000000000     0.25000000000000
   1     0.25000000000000     0.75000000000000     0.50000000000000
   1     0.25000000000000     0.75000000000000     0.75000000000000
   1     0.50000000000000     0.00000000000000     1.00000000000000
   1     0.50000000000000     0.00000000000000     0.25000000000000
   1     0.50000000000000     0.00000000000000     0.50000000000000
   1     0.50000000000000     0.00000000000000     0.75000000000000
   1     0.50000000000000     0.25000000000000     1.00000000000000
   1     0.50000000000000     0.25000000000000     0.25000000000000
   1     0.50000000000000     0.25000000000000     0.50000000000000
   1     0.50000000000000     0.25000000000000     0.75000000000000
   1     0.50000000000000     0.50000000000000     1.00000000000000
   1     0.50000000000000     0.50000000000000     0.25000000000000
   1     0.50000000000000     0.50000000000000     0.50000000000000
   1     0.50000000000000     0.50000000000000     0.75000000000000
   1     0.50000000000000     0.75000000000000     0.00000000000000
   1     0.50000000000000     0.75000000000000     0.25000000000000
   1     0.50000000000000     0.75000000000000     0.50000000000000
   1     0.50000000000000     0.75000000000000     0.75000000000000
   1     0.75000000000000     0.00000000000000     1.00000000000000
   1     0.75000000000000     0.00000000000000     0.25000000000000
   1     0.75000000000000     0.00000000000000     0.50000000000000
   1     0.75000000000000     1.00000000000000     0.75000000000000
   1     0.75000000000000     0.25000000000000     1.00000000000000
   1     0.75000000000000     0.25000000000000     0.25000000000000
   1     0.75000000000000     0.25000000000000     0.50000000000000
   1     0.75000000000000     0.25000000000000     0.75000000000000
   1     0.75000000000000     0.50000000000000     0.00000000000000
   1     0.75000000000000     0.50000000000000     0.25000000000000
   1     0.75000000000000     0.50000000000000     0.50000000000000
   1     0.75000000000000     0.50000000000000     0.75000000000000
   1     0.75000000000000     0.75000000000000     1.00000000000000
   1     0.75000000000000     0.75000000000000     0.25000000000000
   1     0.75000000000000     0.75000000000000     0.50000000000000
   1     0.75000000000000     0.75000000000000     0.75000000000000
   2     0.12500000000000     0.12500000000000     0.12500000000000
   2     0.12500000000000     0.12500000000000     0.37500000000000
   2     0.12500000000000     0.12500000000000     0.62500000000000
   2     0.12500000000000     0.12500000000000     0.87500000000000
   2     0.12500000000000     0.37500000000000     0.12500000000000
   2     0.12500000000000     0.37500000000000     0.37500000000000
   2     0.12500000000000     0.37500000000000     0.62500000000000
   2     0.12500000000000     0.37500000000000     0.87500000000000
   2     0.12500000000000     0.62500000000000     0.12500000000000
   2     0.12500000000000     0.62500000000000     0.37500000000000
   2     0.12500000000000     0.62500000000000     0.62500000000000
   2     0.12500000000000     0.62500000000000     0.87500000000000
   2     0.12500000000000     0.87500000000000     0.12500000000000
   2     0.12500000000000     0.87500000000000     0.37500000000000
   2     0.12500000000000     0.87500000000000     0.62500000000000
   2     0.12500000000000     0.87500000000000     0.87500000000000
   2     0.37500000000000     0.12500000000000     0.12500000000000
   2     0.37500000000000     0.12500000000000     0.37500000000000
   2     0.37500000000000     0.12500000000000     0.62500000000000
   2     0.37500000000000     0.12500000000000     0.87500000000000
   2     0.37500000000000     0.37500000000000     0.12500000000000
   2     0.37500000000000     0.37500000000000     0.37500000000000
   2     0.37500000000000     0.37500000000000     0.62500000000000
   2     0.37500000000000     0.37500000000000     0.87500000000000
   2     0.37500000000000     0.62500000000000     0.12500000000000
   2     0.37500000000000     0.62500000000000     0.37500000000000
   2     0.37500000000000     0.62500000000000     0.62500000000000
   2     0.37500000000000     0.62500000000000     0.87500000000000
   2     0.37500000000000     0.87500000000000     0.12500000000000
   2     0.37500000000000     0.87500000000000     0.37500000000000
   2     0.37500000000000     0.87500000000000     0.62500000000000
   2     0.37500000000000     0.87500000000000     0.87500000000000
   2     0.62500000000000     0.12500000000000     0.12500000000000
   2     0.62500000000000     0.12500000000000     0.37500000000000
   2     0.62500000000000     0.12500000000000     0.62500000000000
   2     0.62500000000000     0.12500000000000     0.87500000000000
   2     0.62500000000000     0.37500000000000     0.12500000000000
   2     0.62500000000000     0.37500000000000     0.37500000000000
   2     0.62500000000000     0.37500000000000     0.62500000000000
   2     0.62500000000000     0.37500000000000     0.87500000000000
   2     0.62500000000000     0.62500000000000     0.12500000000000
   2     0.62500000000000     0.62500000000000     0.37500000000000
   2     0.62500000000000     0.62500000000000     0.62500000000000
   2     0.62500000000000     0.62500000000000     0.87500000000000
   2     0.62500000000000     0.87500000000000     0.12500000000000
   2     0.62500000000000     0.87500000000000     0.37500000000000
   2     0.62500000000000     0.87500000000000     0.62500000000000
   2     0.62500000000000     0.87500000000000     0.87500000000000
   2     0.87500000000000     0.12500000000000     0.12500000000000
   2     0.87500000000000     0.12500000000000     0.37500000000000
   2     0.87500000000000     0.12500000000000     0.62500000000000
   2     0.87500000000000     0.12500000000000     0.87500000000000
   2     0.87500000000000     0.37500000000000     0.12500000000000
   2     0.87500000000000     0.37500000000000     0.37500000000000
   2     0.87500000000000     0.37500000000000     0.62500000000000
   2     0.87500000000000     0.37500000000000     0.87500000000000
   2     0.87500000000000     0.62500000000000     0.12500000000000
   2     0.87500000000000     0.62500000000000     0.37500000000000
   2     0.87500000000000     0.62500000000000     0.62500000000000
   2     0.87500000000000     0.62500000000000     0.87500000000000
   2     0.87500000000000     0.87500000000000     0.12500000000000
   2     0.87500000000000     0.87500000000000     0.37500000000000
   2     0.87500000000000     0.87500000000000     0.62500000000000
   2     0.87500000000000     0.87500000000000     0.87500000000000
/

