# Filename: vasp_outputs/vasprun_1.xml, Snapshot: 1, E_pot (eV): -470.31302971
      0.0188974      -0.0000000      -0.0000000      -1.02607820E-03 -0.00000000E+00 -0.00000000E+00
      0.0000000       0.0000000       0.0000000       4.67425800E-06  1.49673491E-04 -0.00000000E+00
      0.0000000       0.0000000       0.0000000       1.10271728E-05  2.06767269E-05 -0.00000000E+00
      0.0000000       0.0000000       0.0000000       4.66686818E-06  1.48530402E-04 -0.00000000E+00
      0.0000000       0.0000000       0.0000000       4.67425800E-06 -0.00000000E+00  1.49673491E-04
      0.0000000       0.0000000       0.0000000       1.04278192E-05  6.31013162E-06  6.31013162E-06
      0.0000000       0.0000000       0.0000000       8.89501419E-07  6.27551613E-06 -2.87891977E-06
      0.0000000       0.0000000       0.0000000      -1.09031016E-05  1.32627890E-07 -1.32627890E-07
      0.0000000       0.0000000       0.0000000       1.10271728E-05 -0.00000000E+00  2.06767269E-05
      0.0000000       0.0000000       0.0000000       8.89501419E-07 -2.87891977E-06  6.27551613E-06
      0.0000000       0.0000000       0.0000000      -3.40943132E-06 -0.00000000E+00 -0.00000000E+00
      0.0000000       0.0000000       0.0000000       8.20270438E-07 -2.91236844E-06  6.34241348E-06
      0.0000000       0.0000000       0.0000000       4.66686818E-06 -0.00000000E+00  1.48530402E-04
      0.0000000       0.0000000       0.0000000      -1.09031016E-05 -1.32627890E-07  1.32627890E-07
      0.0000000       0.0000000       0.0000000       8.20270438E-07  6.34241348E-06 -2.91236844E-06
      0.0000000       0.0000000       0.0000000       1.03838692E-05  6.29963029E-06  6.29963029E-06
      0.0000000       0.0000000       0.0000000      -1.09031016E-05 -1.32627890E-07 -1.32627890E-07
      0.0000000       0.0000000       0.0000000       8.20270438E-07  6.34241348E-06  2.91236844E-06
      0.0000000       0.0000000       0.0000000       1.03838692E-05  6.29963029E-06 -6.29963029E-06
      0.0000000       0.0000000       0.0000000       4.66686818E-06 -0.00000000E+00 -1.48530402E-04
      0.0000000       0.0000000       0.0000000       8.20270438E-07  2.91236844E-06  6.34241348E-06
      0.0000000       0.0000000       0.0000000       4.75749075E-06 -0.00000000E+00 -0.00000000E+00
      0.0000000       0.0000000       0.0000000       8.89501419E-07  2.87891977E-06 -6.27551613E-06
      0.0000000       0.0000000       0.0000000       1.58258910E-05 -0.00000000E+00 -3.74936322E-07
      0.0000000       0.0000000       0.0000000       1.03838692E-05 -6.29963029E-06  6.29963029E-06
      0.0000000       0.0000000       0.0000000       8.89501419E-07 -6.27551613E-06  2.87891977E-06
      0.0000000       0.0000000       0.0000000      -2.45614406E-06  1.55575237E-08  1.55575237E-08
      0.0000000       0.0000000       0.0000000       1.52619308E-05 -0.00000000E+00  2.12224071E-05
      0.0000000       0.0000000       0.0000000       4.66686818E-06 -1.48530402E-04 -0.00000000E+00
      0.0000000       0.0000000       0.0000000       1.58258910E-05 -3.74936322E-07 -0.00000000E+00
      0.0000000       0.0000000       0.0000000       1.52619308E-05  2.12224071E-05 -0.00000000E+00
      0.0000000       0.0000000       0.0000000       2.27476278E-04 -0.00000000E+00 -0.00000000E+00
      0.0000000       0.0000000       0.0000000      -3.40943132E-06 -0.00000000E+00 -0.00000000E+00
      0.0000000       0.0000000       0.0000000       8.20270438E-07 -2.91236844E-06 -6.34241348E-06
      0.0000000       0.0000000       0.0000000       1.10271728E-05 -0.00000000E+00 -2.06767269E-05
      0.0000000       0.0000000       0.0000000       8.89501419E-07 -2.87891977E-06 -6.27551613E-06
      0.0000000       0.0000000       0.0000000       8.20270438E-07 -6.34241348E-06 -2.91236844E-06
      0.0000000       0.0000000       0.0000000       1.04278192E-05 -6.31013162E-06 -6.31013162E-06
      0.0000000       0.0000000       0.0000000       1.53521644E-05 -0.00000000E+00 -2.10769442E-05
      0.0000000       0.0000000       0.0000000      -2.45614406E-06 -1.55575237E-08  1.55575237E-08
      0.0000000       0.0000000       0.0000000       1.10271728E-05 -2.06767269E-05 -0.00000000E+00
      0.0000000       0.0000000       0.0000000       1.53521644E-05 -2.10769442E-05 -0.00000000E+00
      0.0000000       0.0000000       0.0000000       5.92986685E-05 -0.00000000E+00 -0.00000000E+00
      0.0000000       0.0000000       0.0000000       1.52619308E-05 -2.12224071E-05 -0.00000000E+00
      0.0000000       0.0000000       0.0000000       8.89501419E-07 -6.27551613E-06 -2.87891977E-06
      0.0000000       0.0000000       0.0000000      -2.45614406E-06  1.55575237E-08 -1.55575237E-08
      0.0000000       0.0000000       0.0000000       1.52619308E-05 -0.00000000E+00 -2.12224071E-05
      0.0000000       0.0000000       0.0000000       1.03838692E-05 -6.29963029E-06 -6.29963029E-06
      0.0000000       0.0000000       0.0000000      -1.09031016E-05  1.32627890E-07  1.32627890E-07
      0.0000000       0.0000000       0.0000000       4.67425800E-06 -0.00000000E+00 -1.49673491E-04
      0.0000000       0.0000000       0.0000000       1.04278192E-05  6.31013162E-06 -6.31013162E-06
      0.0000000       0.0000000       0.0000000       8.89501419E-07  6.27551613E-06  2.87891977E-06
      0.0000000       0.0000000       0.0000000       4.67425800E-06 -1.49673491E-04 -0.00000000E+00
      0.0000000       0.0000000       0.0000000       2.27611628E-04 -0.00000000E+00 -0.00000000E+00
      0.0000000       0.0000000       0.0000000       1.53521644E-05  2.10769442E-05 -0.00000000E+00
      0.0000000       0.0000000       0.0000000       1.58258910E-05  3.74936322E-07 -0.00000000E+00
      0.0000000       0.0000000       0.0000000       1.04278192E-05 -6.31013162E-06  6.31013162E-06
      0.0000000       0.0000000       0.0000000       1.53521644E-05 -0.00000000E+00  2.10769442E-05
      0.0000000       0.0000000       0.0000000      -2.45614406E-06 -1.55575237E-08 -1.55575237E-08
      0.0000000       0.0000000       0.0000000       8.20270438E-07 -6.34241348E-06  2.91236844E-06
      0.0000000       0.0000000       0.0000000       8.89501419E-07  2.87891977E-06  6.27551613E-06
      0.0000000       0.0000000       0.0000000       1.58258910E-05 -0.00000000E+00  3.74936322E-07
      0.0000000       0.0000000       0.0000000       8.20270438E-07  2.91236844E-06 -6.34241348E-06
      0.0000000       0.0000000       0.0000000       4.75749075E-06 -0.00000000E+00 -0.00000000E+00
      0.0000000       0.0000000       0.0000000      -5.82629263E-07 -1.08782095E-05 -1.08782095E-05
      0.0000000       0.0000000       0.0000000      -5.59331872E-06 -4.50779250E-06 -1.94469047E-09
      0.0000000       0.0000000       0.0000000      -6.00131478E-07 -1.07720294E-05  1.07720294E-05
      0.0000000       0.0000000       0.0000000       3.43249535E-05 -0.00000000E+00 -5.91574840E-07
      0.0000000       0.0000000       0.0000000      -5.59331872E-06 -1.94469047E-09 -4.50779250E-06
      0.0000000       0.0000000       0.0000000      -9.27617352E-07 -0.00000000E+00 -0.00000000E+00
      0.0000000       0.0000000       0.0000000       9.16338147E-07 -3.73380569E-08  4.51168188E-08
      0.0000000       0.0000000       0.0000000      -5.90174662E-06 -0.00000000E+00 -3.67223679E-05
      0.0000000       0.0000000       0.0000000      -6.00131478E-07  1.07720294E-05 -1.07720294E-05
      0.0000000       0.0000000       0.0000000       9.16338147E-07  4.51168188E-08 -3.73380569E-08
      0.0000000       0.0000000       0.0000000      -5.94025150E-06 -2.57477018E-06 -2.57477018E-06
      0.0000000       0.0000000       0.0000000      -1.85122864E-05 -0.00000000E+00 -2.41935051E-05
      0.0000000       0.0000000       0.0000000       3.43249535E-05 -5.91574840E-07 -0.00000000E+00
      0.0000000       0.0000000       0.0000000      -5.90174662E-06 -3.67223679E-05 -0.00000000E+00
      0.0000000       0.0000000       0.0000000      -1.85122864E-05 -2.41935051E-05 -0.00000000E+00
      0.0000000       0.0000000       0.0000000       2.96615858E-04 -0.00000000E+00 -0.00000000E+00
      0.0000000       0.0000000       0.0000000      -8.87945667E-07 -0.00000000E+00 -0.00000000E+00
      0.0000000       0.0000000       0.0000000      -5.59331872E-06  1.94469047E-09  4.50779250E-06
      0.0000000       0.0000000       0.0000000      -5.94102937E-06 -0.00000000E+00  3.63303183E-05
      0.0000000       0.0000000       0.0000000       9.16338147E-07  3.73380569E-08  4.51168188E-08
      0.0000000       0.0000000       0.0000000      -5.59331872E-06  4.50779250E-06  1.94469047E-09
      0.0000000       0.0000000       0.0000000      -5.99003557E-06  2.53315380E-06  2.53315380E-06
      0.0000000       0.0000000       0.0000000      -1.73633633E-05 -0.00000000E+00  1.12403109E-07
      0.0000000       0.0000000       0.0000000      -5.94025150E-06  2.57477018E-06 -2.57477018E-06
      0.0000000       0.0000000       0.0000000      -5.94102937E-06  3.63303183E-05 -0.00000000E+00
      0.0000000       0.0000000       0.0000000      -1.73633633E-05  1.12403109E-07 -0.00000000E+00
      0.0000000       0.0000000       0.0000000      -9.93032850E-05 -0.00000000E+00 -0.00000000E+00
      0.0000000       0.0000000       0.0000000      -1.85122864E-05  2.41935051E-05 -0.00000000E+00
      0.0000000       0.0000000       0.0000000       9.16338147E-07  4.51168188E-08  3.73380569E-08
      0.0000000       0.0000000       0.0000000      -5.94025150E-06 -2.57477018E-06  2.57477018E-06
      0.0000000       0.0000000       0.0000000      -1.85122864E-05 -0.00000000E+00  2.41935051E-05
      0.0000000       0.0000000       0.0000000      -6.00131478E-07  1.07720294E-05  1.07720294E-05
      0.0000000       0.0000000       0.0000000      -5.82629263E-07  1.08782095E-05  1.08782095E-05
      0.0000000       0.0000000       0.0000000      -1.84216638E-05 -0.00000000E+00  2.41223295E-05
      0.0000000       0.0000000       0.0000000      -5.99003557E-06 -2.53315380E-06  2.53315380E-06
      0.0000000       0.0000000       0.0000000       9.16338147E-07 -4.51168188E-08 -3.73380569E-08
      0.0000000       0.0000000       0.0000000      -1.84216638E-05  2.41223295E-05 -0.00000000E+00
      0.0000000       0.0000000       0.0000000      -9.93367337E-05 -0.00000000E+00 -0.00000000E+00
      0.0000000       0.0000000       0.0000000      -1.73633633E-05 -1.12403109E-07 -0.00000000E+00
      0.0000000       0.0000000       0.0000000      -5.90174662E-06  3.67223679E-05 -0.00000000E+00
      0.0000000       0.0000000       0.0000000      -5.99003557E-06  2.53315380E-06 -2.53315380E-06
      0.0000000       0.0000000       0.0000000      -1.73633633E-05 -0.00000000E+00 -1.12403109E-07
      0.0000000       0.0000000       0.0000000      -5.94025150E-06  2.57477018E-06  2.57477018E-06
      0.0000000       0.0000000       0.0000000      -5.59331872E-06  4.50779250E-06 -1.94469047E-09
      0.0000000       0.0000000       0.0000000       9.16338147E-07 -3.73380569E-08 -4.51168188E-08
      0.0000000       0.0000000       0.0000000      -5.90174662E-06 -0.00000000E+00  3.67223679E-05
      0.0000000       0.0000000       0.0000000      -5.59331872E-06 -1.94469047E-09  4.50779250E-06
      0.0000000       0.0000000       0.0000000      -9.27617352E-07 -0.00000000E+00 -0.00000000E+00
      0.0000000       0.0000000       0.0000000       3.21055561E-04 -0.00000000E+00 -0.00000000E+00
      0.0000000       0.0000000       0.0000000      -1.84216638E-05 -2.41223295E-05 -0.00000000E+00
      0.0000000       0.0000000       0.0000000      -5.94102937E-06 -3.63303183E-05 -0.00000000E+00
      0.0000000       0.0000000       0.0000000       3.43249535E-05  5.91574840E-07 -0.00000000E+00
      0.0000000       0.0000000       0.0000000      -1.84216638E-05 -0.00000000E+00 -2.41223295E-05
      0.0000000       0.0000000       0.0000000      -5.99003557E-06 -2.53315380E-06 -2.53315380E-06
      0.0000000       0.0000000       0.0000000       9.16338147E-07 -4.51168188E-08  3.73380569E-08
      0.0000000       0.0000000       0.0000000      -5.82629263E-07  1.08782095E-05 -1.08782095E-05
      0.0000000       0.0000000       0.0000000      -5.94102937E-06 -0.00000000E+00 -3.63303183E-05
      0.0000000       0.0000000       0.0000000       9.16338147E-07  3.73380569E-08 -4.51168188E-08
      0.0000000       0.0000000       0.0000000      -8.87945667E-07 -0.00000000E+00 -0.00000000E+00
      0.0000000       0.0000000       0.0000000      -5.59331872E-06  1.94469047E-09 -4.50779250E-06
      0.0000000       0.0000000       0.0000000       3.43249535E-05 -0.00000000E+00  5.91574840E-07
      0.0000000       0.0000000       0.0000000      -5.82629263E-07 -1.08782095E-05  1.08782095E-05
      0.0000000       0.0000000       0.0000000      -5.59331872E-06 -4.50779250E-06  1.94469047E-09
      0.0000000       0.0000000       0.0000000      -6.00131478E-07 -1.07720294E-05 -1.07720294E-05
# Filename: vasp_outputs/vasprun_2.xml, Snapshot: 1, E_pot (eV): -470.31298981
      0.0000000       0.0000000       0.0000000      -6.60805820E-07 -1.08105343E-05 -1.08105343E-05
      0.0000000       0.0000000       0.0000000       3.43148411E-05  0.00000000E+00  1.83967718E-07
      0.0000000       0.0000000       0.0000000      -5.17676602E-07 -1.08268697E-05  1.08268697E-05
      0.0000000       0.0000000       0.0000000      -5.59565235E-06 -4.51168188E-06  1.59464618E-08
      0.0000000       0.0000000       0.0000000       3.43148411E-05  1.83967718E-07  0.00000000E+00
      0.0000000       0.0000000       0.0000000       3.20416147E-04  0.00000000E+00  0.00000000E+00
      0.0000000       0.0000000       0.0000000      -1.84325541E-05 -3.66321343E-05  0.00000000E+00
      0.0000000       0.0000000       0.0000000      -5.98381256E-06 -2.41028826E-05  0.00000000E+00
      0.0000000       0.0000000       0.0000000      -5.17676602E-07  1.08268697E-05 -1.08268697E-05
      0.0000000       0.0000000       0.0000000      -1.84325541E-05  0.00000000E+00 -3.66321343E-05
      0.0000000       0.0000000       0.0000000      -6.00792672E-06 -2.58332681E-06 -2.58332681E-06
      0.0000000       0.0000000       0.0000000       8.98446995E-07 -3.15039855E-08  7.00088568E-08
      0.0000000       0.0000000       0.0000000      -5.59565235E-06  1.59464618E-08 -4.51168188E-06
      0.0000000       0.0000000       0.0000000      -5.98381256E-06  0.00000000E+00 -2.41028826E-05
      0.0000000       0.0000000       0.0000000       8.98446995E-07  7.00088568E-08 -3.15039855E-08
      0.0000000       0.0000000       0.0000000      -8.81722657E-07  0.00000000E+00  0.00000000E+00
      0.0000000       0.0000000       0.0000000       2.97291832E-04  0.00000000E+00  0.00000000E+00
      0.0000000       0.0000000       0.0000000       3.43148411E-05 -1.83967718E-07  0.00000000E+00
      0.0000000       0.0000000       0.0000000      -5.85429618E-06 -2.41946720E-05  0.00000000E+00
      0.0000000       0.0000000       0.0000000      -1.84593908E-05 -3.64077170E-05  0.00000000E+00
      0.0000000       0.0000000       0.0000000       3.43148411E-05  0.00000000E+00 -1.83967718E-07
      0.0000000       0.0000000       0.0000000      -5.17676602E-07 -1.08268697E-05 -1.08268697E-05
      0.0000000       0.0000000       0.0000000      -5.59565235E-06 -4.51168188E-06 -1.59464618E-08
      0.0000000       0.0000000       0.0000000      -6.60805820E-07 -1.08105343E-05  1.08105343E-05
      0.0000000       0.0000000       0.0000000      -5.85429618E-06  0.00000000E+00 -2.41946720E-05
      0.0000000       0.0000000       0.0000000      -5.59565235E-06 -1.59464618E-08 -4.51168188E-06
      0.0000000       0.0000000       0.0000000      -9.44730628E-07  0.00000000E+00  0.00000000E+00
      0.0000000       0.0000000       0.0000000       8.98446995E-07 -7.00088568E-08  3.15039855E-08
      0.0000000       0.0000000       0.0000000      -1.84593908E-05  0.00000000E+00 -3.64077170E-05
      0.0000000       0.0000000       0.0000000      -6.60805820E-07  1.08105343E-05 -1.08105343E-05
      0.0000000       0.0000000       0.0000000       8.98446995E-07  3.15039855E-08 -7.00088568E-08
      0.0000000       0.0000000       0.0000000      -5.90641388E-06 -2.52031884E-06 -2.52031884E-06
      0.0000000       0.0000000       0.0000000      -6.60805820E-07  1.08105343E-05  1.08105343E-05
      0.0000000       0.0000000       0.0000000       8.98446995E-07  3.15039855E-08  7.00088568E-08
      0.0000000       0.0000000       0.0000000      -5.90641388E-06 -2.52031884E-06  2.52031884E-06
      0.0000000       0.0000000       0.0000000      -1.84593908E-05  0.00000000E+00  3.64077170E-05
      0.0000000       0.0000000       0.0000000       8.98446995E-07  7.00088568E-08  3.15039855E-08
      0.0000000       0.0000000       0.0000000      -8.81722657E-07  0.00000000E+00  0.00000000E+00
      0.0000000       0.0000000       0.0000000      -5.59565235E-06  1.59464618E-08  4.51168188E-06
      0.0000000       0.0000000       0.0000000      -5.98381256E-06  0.00000000E+00  2.41028826E-05
      0.0000000       0.0000000       0.0000000      -5.90641388E-06  2.52031884E-06 -2.52031884E-06
      0.0000000       0.0000000       0.0000000      -5.59565235E-06  4.51168188E-06  1.59464618E-08
      0.0000000       0.0000000       0.0000000      -6.00792672E-06  2.58332681E-06  2.58332681E-06
      0.0000000       0.0000000       0.0000000      -1.74069244E-05  0.00000000E+00  1.93302232E-07
      0.0000000       0.0000000       0.0000000      -1.84593908E-05  3.64077170E-05  0.00000000E+00
      0.0000000       0.0000000       0.0000000      -5.98381256E-06  2.41028826E-05  0.00000000E+00
      0.0000000       0.0000000       0.0000000      -1.74069244E-05  1.93302232E-07  0.00000000E+00
      0.0000000       0.0000000       0.0000000      -9.88062221E-05  0.00000000E+00  0.00000000E+00
      0.0000000       0.0000000       0.0000000      -9.44730628E-07  0.00000000E+00  0.00000000E+00
      0.0000000       0.0000000       0.0000000       8.98446995E-07 -7.00088568E-08 -3.15039855E-08
      0.0000000       0.0000000       0.0000000      -5.85429618E-06  0.00000000E+00  2.41946720E-05
      0.0000000       0.0000000       0.0000000      -5.59565235E-06 -1.59464618E-08  4.51168188E-06
      0.0000000       0.0000000       0.0000000       8.98446995E-07 -3.15039855E-08 -7.00088568E-08
      0.0000000       0.0000000       0.0000000      -5.17676602E-07  1.08268697E-05  1.08268697E-05
      0.0000000       0.0000000       0.0000000      -1.84325541E-05  0.00000000E+00  3.66321343E-05
      0.0000000       0.0000000       0.0000000      -6.00792672E-06 -2.58332681E-06  2.58332681E-06
      0.0000000       0.0000000       0.0000000      -5.85429618E-06  2.41946720E-05  0.00000000E+00
      0.0000000       0.0000000       0.0000000      -1.84325541E-05  3.66321343E-05  0.00000000E+00
      0.0000000       0.0000000       0.0000000      -9.97945138E-05  0.00000000E+00  0.00000000E+00
      0.0000000       0.0000000       0.0000000      -1.74069244E-05 -1.93302232E-07  0.00000000E+00
      0.0000000       0.0000000       0.0000000      -5.59565235E-06  4.51168188E-06 -1.59464618E-08
      0.0000000       0.0000000       0.0000000      -6.00792672E-06  2.58332681E-06 -2.58332681E-06
      0.0000000       0.0000000       0.0000000      -1.74069244E-05  0.00000000E+00 -1.93302232E-07
      0.0000000       0.0000000       0.0000000      -5.90641388E-06  2.52031884E-06  2.52031884E-06
      0.0188974      -0.0000000      -0.0000000      -1.33748226E-03  0.00000000E+00  0.00000000E+00
      0.0000000       0.0000000       0.0000000       1.65450375E-05  5.01769034E-05  0.00000000E+00
      0.0000000       0.0000000       0.0000000       3.39620743E-06  1.24561314E-05  0.00000000E+00
      0.0000000       0.0000000       0.0000000       1.61374304E-05  4.96829520E-05  0.00000000E+00
      0.0000000       0.0000000       0.0000000       1.65450375E-05  0.00000000E+00  5.01769034E-05
      0.0000000       0.0000000       0.0000000       7.66091362E-06  4.49301285E-06  4.49301285E-06
      0.0000000       0.0000000       0.0000000       3.27641450E-06  4.47745533E-06 -2.39196927E-06
      0.0000000       0.0000000       0.0000000      -2.82991357E-06  9.17893900E-08 -9.17893900E-08
      0.0000000       0.0000000       0.0000000       3.39620743E-06  0.00000000E+00  1.24561314E-05
      0.0000000       0.0000000       0.0000000       3.27641450E-06 -2.39196927E-06  4.47745533E-06
      0.0000000       0.0000000       0.0000000       5.56181473E-08  0.00000000E+00  0.00000000E+00
      0.0000000       0.0000000       0.0000000       3.22274104E-06 -2.41725025E-06  4.48095577E-06
      0.0000000       0.0000000       0.0000000       1.61374304E-05  0.00000000E+00  4.96829520E-05
      0.0000000       0.0000000       0.0000000      -2.82991357E-06 -9.17893900E-08  9.17893900E-08
      0.0000000       0.0000000       0.0000000       3.22274104E-06  4.48095577E-06 -2.41725025E-06
      0.0000000       0.0000000       0.0000000       7.69125079E-06  4.46345356E-06  4.46345356E-06
      0.0000000       0.0000000       0.0000000      -2.82991357E-06 -9.17893900E-08 -9.17893900E-08
      0.0000000       0.0000000       0.0000000       3.22274104E-06  4.48095577E-06  2.41725025E-06
      0.0000000       0.0000000       0.0000000       7.69125079E-06  4.46345356E-06 -4.46345356E-06
      0.0000000       0.0000000       0.0000000       1.61374304E-05  0.00000000E+00 -4.96829520E-05
      0.0000000       0.0000000       0.0000000       3.22274104E-06  2.41725025E-06  4.48095577E-06
      0.0000000       0.0000000       0.0000000       5.07953150E-06  0.00000000E+00  0.00000000E+00
      0.0000000       0.0000000       0.0000000       3.27641450E-06  2.39196927E-06 -4.47745533E-06
      0.0000000       0.0000000       0.0000000       1.31503859E-05  0.00000000E+00 -5.59681916E-07
      0.0000000       0.0000000       0.0000000       7.69125079E-06 -4.46345356E-06  4.46345356E-06
      0.0000000       0.0000000       0.0000000       3.27641450E-06 -4.47745533E-06  2.39196927E-06
      0.0000000       0.0000000       0.0000000       1.16646424E-05 -2.10026570E-08 -2.10026570E-08
      0.0000000       0.0000000       0.0000000       2.94072203E-05  0.00000000E+00  1.77589133E-05
      0.0000000       0.0000000       0.0000000       1.61374304E-05 -4.96829520E-05  0.00000000E+00
      0.0000000       0.0000000       0.0000000       1.31503859E-05 -5.59681916E-07  0.00000000E+00
      0.0000000       0.0000000       0.0000000       2.94072203E-05  1.77589133E-05  0.00000000E+00
      0.0000000       0.0000000       0.0000000       2.43855239E-04  0.00000000E+00  0.00000000E+00
      0.0000000       0.0000000       0.0000000       5.56181473E-08  0.00000000E+00  0.00000000E+00
      0.0000000       0.0000000       0.0000000       3.22274104E-06 -2.41725025E-06 -4.48095577E-06
      0.0000000       0.0000000       0.0000000       3.39620743E-06  0.00000000E+00 -1.24561314E-05
      0.0000000       0.0000000       0.0000000       3.27641450E-06 -2.39196927E-06 -4.47745533E-06
      0.0000000       0.0000000       0.0000000       3.22274104E-06 -4.48095577E-06 -2.41725025E-06
      0.0000000       0.0000000       0.0000000       7.66091362E-06 -4.49301285E-06 -4.49301285E-06
      0.0000000       0.0000000       0.0000000       2.95363477E-05  0.00000000E+00 -1.78137536E-05
      0.0000000       0.0000000       0.0000000       1.16646424E-05  2.10026570E-08 -2.10026570E-08
      0.0000000       0.0000000       0.0000000       3.39620743E-06 -1.24561314E-05  0.00000000E+00
      0.0000000       0.0000000       0.0000000       2.95363477E-05 -1.78137536E-05  0.00000000E+00
      0.0000000       0.0000000       0.0000000       5.74259316E-05  0.00000000E+00  0.00000000E+00
      0.0000000       0.0000000       0.0000000       2.94072203E-05 -1.77589133E-05  0.00000000E+00
      0.0000000       0.0000000       0.0000000       3.27641450E-06 -4.47745533E-06 -2.39196927E-06
      0.0000000       0.0000000       0.0000000       1.16646424E-05 -2.10026570E-08  2.10026570E-08
      0.0000000       0.0000000       0.0000000       2.94072203E-05  0.00000000E+00 -1.77589133E-05
      0.0000000       0.0000000       0.0000000       7.69125079E-06 -4.46345356E-06 -4.46345356E-06
      0.0000000       0.0000000       0.0000000      -2.82991357E-06  9.17893900E-08  9.17893900E-08
      0.0000000       0.0000000       0.0000000       1.65450375E-05  0.00000000E+00 -5.01769034E-05
      0.0000000       0.0000000       0.0000000       7.66091362E-06  4.49301285E-06 -4.49301285E-06
      0.0000000       0.0000000       0.0000000       3.27641450E-06  4.47745533E-06  2.39196927E-06
      0.0000000       0.0000000       0.0000000       1.65450375E-05 -5.01769034E-05  0.00000000E+00
      0.0000000       0.0000000       0.0000000       2.46286102E-04  0.00000000E+00  0.00000000E+00
      0.0000000       0.0000000       0.0000000       2.95363477E-05  1.78137536E-05  0.00000000E+00
      0.0000000       0.0000000       0.0000000       1.31503859E-05  5.59681916E-07  0.00000000E+00
      0.0000000       0.0000000       0.0000000       7.66091362E-06 -4.49301285E-06  4.49301285E-06
      0.0000000       0.0000000       0.0000000       2.95363477E-05  0.00000000E+00  1.78137536E-05
      0.0000000       0.0000000       0.0000000       1.16646424E-05  2.10026570E-08  2.10026570E-08
      0.0000000       0.0000000       0.0000000       3.22274104E-06 -4.48095577E-06  2.41725025E-06
      0.0000000       0.0000000       0.0000000       3.27641450E-06  2.39196927E-06  4.47745533E-06
      0.0000000       0.0000000       0.0000000       1.31503859E-05  0.00000000E+00  5.59681916E-07
      0.0000000       0.0000000       0.0000000       3.22274104E-06  2.41725025E-06 -4.48095577E-06
      0.0000000       0.0000000       0.0000000       5.07953150E-06  0.00000000E+00  0.00000000E+00
