SOEC
6.037151393
0
0
0
2.093689073
0
0
0
1.477401038
0
1.97173116
0
1.97173116
0
0
0
0
0
0
0
1.220237551
0
0
0
1.220237551
0
0
0
1.97173116
0
1.97173116
0
0
0
0
0
2.093689073
0
0
0
6.037151393
0
0
0
1.477401038
0
0
0
0
0
1.220237551
0
1.220237551
0
0
0
1.220237551
0
0
0
1.220237551
0
0
0
0
0
0
0
1.220237551
0
1.220237551
0
1.477401038
0
0
0
1.477401038
0
0
0
6.604787865
TOEC
-63.99469495
0
0
0
-13.92338946
0
0
0
-5.703712799
0
-14.30884315
0
-14.30884315
0
0
0
0
0
0
0
-7.270308997
0
0
0
-7.270308997
0
0
0
-14.30884315
0
-14.30884315
0
0
0
0
0
-13.92338946
0
0
0
-11.53536709
0
0
0
-1.132942328
0
0
0
0
0
-2.16468196
0
-2.16468196
0
0
0
-7.270308997
0
0
0
-7.270308997
0
0
0
0
0
0
0
-2.16468196
0
-2.16468196
0
-5.703712799
0
0
0
-1.132942328
0
0
0
-7.572203395
0
-14.30884315
0
-14.30884315
0
0
0
0
0
-14.30884315
0
0
0
-11.92082078
0
0
0
-2.285385236
0
0
0
0
0
-2.552813519
0
-2.552813519
0
-14.30884315
0
0
0
-11.92082078
0
0
0
-2.285385236
0
-11.92082078
0
-11.92082078
0
0
0
0
0
0
0
-2.552813519
0
0
0
-2.552813519
0
0
0
0
0
0
0
-2.552813519
0
-2.552813519
0
0
0
-2.552813519
0
0
0
-2.552813519
0
0
0
-2.285385236
0
-2.285385236
0
0
0
0
0
0
0
-7.270308997
0
0
0
-7.270308997
0
0
0
0
0
0
0
-2.552813519
0
-2.552813519
0
-7.270308997
0
0
0
-2.16468196
0
0
0
-6.399976864
0
0
0
0
0
-2.552813519
0
-2.552813519
0
0
0
-2.16468196
0
0
0
-2.16468196
0
0
0
-2.552813519
0
-2.552813519
0
0
0
0
0
-7.270308997
0
0
0
-2.16468196
0
0
0
-6.399976864
0
-2.552813519
0
-2.552813519
0
0
0
0
0
0
0
-6.399976864
0
0
0
-6.399976864
0
0
0
-14.30884315
0
-14.30884315
0
0
0
0
0
-14.30884315
0
0
0
-11.92082078
0
0
0
-2.285385236
0
0
0
0
0
-2.552813519
0
-2.552813519
0
-14.30884315
0
0
0
-11.92082078
0
0
0
-2.285385236
0
-11.92082078
0
-11.92082078
0
0
0
0
0
0
0
-2.552813519
0
0
0
-2.552813519
0
0
0
0
0
0
0
-2.552813519
0
-2.552813519
0
0
0
-2.552813519
0
0
0
-2.552813519
0
0
0
-2.285385236
0
-2.285385236
0
0
0
0
0
-13.92338946
0
0
0
-11.53536709
0
0
0
-1.132942328
0
-11.92082078
0
-11.92082078
0
0
0
0
0
0
0
-2.16468196
0
0
0
-2.16468196
0
0
0
-11.92082078
0
-11.92082078
0
0
0
0
0
-11.53536709
0
0
0
-66.38271732
0
0
0
-5.703712799
0
0
0
0
0
-7.270308997
0
-7.270308997
0
0
0
-2.16468196
0
0
0
-2.16468196
0
0
0
0
0
0
0
-7.270308997
0
-7.270308997
0
-1.132942328
0
0
0
-5.703712799
0
0
0
-7.572203395
0
0
0
0
0
-2.16468196
0
-2.16468196
0
0
0
-2.552813519
0
0
0
-2.552813519
0
0
0
-2.552813519
0
-2.552813519
0
0
0
0
0
0
0
-2.552813519
0
0
0
-2.552813519
0
0
0
0
0
0
0
-7.270308997
0
-7.270308997
0
-2.16468196
0
0
0
-7.270308997
0
0
0
-6.399976864
0
-2.552813519
0
-2.552813519
0
0
0
0
0
-2.16468196
0
0
0
-7.270308997
0
0
0
-6.399976864
0
0
0
0
0
-6.399976864
0
-6.399976864
0
0
0
-7.270308997
0
0
0
-7.270308997
0
0
0
0
0
0
0
-2.552813519
0
-2.552813519
0
-7.270308997
0
0
0
-2.16468196
0
0
0
-6.399976864
0
0
0
0
0
-2.552813519
0
-2.552813519
0
0
0
-2.16468196
0
0
0
-2.16468196
0
0
0
-2.552813519
0
-2.552813519
0
0
0
0
0
-7.270308997
0
0
0
-2.16468196
0
0
0
-6.399976864
0
-2.552813519
0
-2.552813519
0
0
0
0
0
0
0
-6.399976864
0
0
0
-6.399976864
0
0
0
0
0
0
0
-2.16468196
0
-2.16468196
0
0
0
-2.552813519
0
0
0
-2.552813519
0
0
0
-2.552813519
0
-2.552813519
0
0
0
0
0
0
0
-2.552813519
0
0
0
-2.552813519
0
0
0
0
0
0
0
-7.270308997
0
-7.270308997
0
-2.16468196
0
0
0
-7.270308997
0
0
0
-6.399976864
0
-2.552813519
0
-2.552813519
0
0
0
0
0
-2.16468196
0
0
0
-7.270308997
0
0
0
-6.399976864
0
0
0
0
0
-6.399976864
0
-6.399976864
0
-5.703712799
0
0
0
-1.132942328
0
0
0
-7.572203395
0
-2.285385236
0
-2.285385236
0
0
0
0
0
0
0
-6.399976864
0
0
0
-6.399976864
0
0
0
-2.285385236
0
-2.285385236
0
0
0
0
0
-1.132942328
0
0
0
-5.703712799
0
0
0
-7.572203395
0
0
0
0
0
-6.399976864
0
-6.399976864
0
0
0
-6.399976864
0
0
0
-6.399976864
0
0
0
0
0
0
0
-6.399976864
0
-6.399976864
0
-7.572203395
0
0
0
-7.572203395
0
0
0
-84.47447177
