xx 0.005 1.0
0.000000  -0.034812  -0.022224
0.000000  0.034812  -0.022224
0.000000  -0.039854  0.022224
0.000000  0.039854  0.022224
yy 0.005 1.0
0.000000  0.034284  -0.022228
0.000000  -0.034284  -0.022228
0.000000  0.039309  0.022228
0.000000  -0.039309  0.022228
zz 0.005 1.0
0.000000  0.000000  0.042944
0.000000  0.000000  0.042944
0.000000  0.000000  -0.042944
0.000000  0.000000  -0.042944
yz 0.005 1.0
0.000000  -0.023097  0.000040
0.000000  -0.022617  0.000021
0.000000  0.022589  -0.000035
0.000000  0.023126  -0.000026
zx 0.005 1.0
-0.022851  0.000220  0.000031
-0.022851  -0.000220  0.000031
0.022851  0.000258  -0.000031
0.022851  -0.000258  -0.000031
xy 0.005 1.0
-0.035964  0.000263  0.000287
0.035964  -0.000263  0.000287
-0.040985  0.000270  -0.000287
0.040985  -0.000270  -0.000287

