&general
 PREFIX = STO222
 MODE = opt
 NAT = 40; NKD = 3
 KD = Sr Ti O
/

&interaction
NORDER = 1
/

&cutoff 
*-* None
/
&optimize
 DFSET = DFSET_harmonic
/

&cell
14.726
1.0 0.0 0.0
0.0 1.0 0.0
0.0 0.0 1.0
/

&position
  1    0.000000000000000    0.000000000000000    0.000000000000000
  1    0.000000000000000    0.000000000000000    0.500000000000000
  1    0.000000000000000    0.500000000000000    0.000000000000000
  1    0.000000000000000    0.500000000000000    0.500000000000000
  1    0.500000000000000    0.000000000000000    0.000000000000000
  1    0.500000000000000    0.000000000000000    0.500000000000000
  1    0.500000000000000    0.500000000000000    0.000000000000000
  1    0.500000000000000    0.500000000000000    0.500000000000000
  2    0.250000000000000    0.250000000000000    0.250000000000000
  2    0.250000000000000    0.250000000000000    0.750000000000000
  2    0.250000000000000    0.750000000000000    0.250000000000000
  2    0.250000000000000    0.750000000000000    0.750000000000000
  2    0.750000000000000    0.250000000000000    0.250000000000000
  2    0.750000000000000    0.250000000000000    0.750000000000000
  2    0.750000000000000    0.750000000000000    0.250000000000000
  2    0.750000000000000    0.750000000000000    0.750000000000000
  3    0.000000000000000    0.250000000000000    0.250000000000000
  3    0.000000000000000    0.250000000000000    0.750000000000000
  3    0.000000000000000    0.750000000000000    0.250000000000000
  3    0.000000000000000    0.750000000000000    0.750000000000000
  3    0.250000000000000    0.000000000000000    0.250000000000000
  3    0.250000000000000    0.000000000000000    0.750000000000000
  3    0.250000000000000    0.250000000000000    0.000000000000000
  3    0.250000000000000    0.250000000000000    0.500000000000000
  3    0.250000000000000    0.500000000000000    0.250000000000000
  3    0.250000000000000    0.500000000000000    0.750000000000000
  3    0.250000000000000    0.750000000000000    0.000000000000000
  3    0.250000000000000    0.750000000000000    0.500000000000000
  3    0.500000000000000    0.250000000000000    0.250000000000000
  3    0.500000000000000    0.250000000000000    0.750000000000000
  3    0.500000000000000    0.750000000000000    0.250000000000000
  3    0.500000000000000    0.750000000000000    0.750000000000000
  3    0.750000000000000    0.000000000000000    0.250000000000000
  3    0.750000000000000    0.000000000000000    0.750000000000000
  3    0.750000000000000    0.250000000000000    0.000000000000000
  3    0.750000000000000    0.250000000000000    0.500000000000000
  3    0.750000000000000    0.500000000000000    0.250000000000000
  3    0.750000000000000    0.500000000000000    0.750000000000000
  3    0.750000000000000    0.750000000000000    0.000000000000000
  3    0.750000000000000    0.750000000000000    0.500000000000000
/

