&general
 PREFIX = STO_anharm
 MODE = optimize
 NAT = 40; NKD = 3
 KD = Sr Ti O
/

&interaction
 NORDER = 5 
 NBODY = 2 3 3 2 2 
/

&cutoff 
*-* None None 12.0 12.0 12.0 12.0 12.0
/

&optimize
 LMODEL = enet

 NDATA = 40
 DFSET = DFSET_AIMD+random
 FC2XML = STO222.xml
 ICONST = 11

 CV = 4
 L1_RATIO = 1.0
 L1_ALPHA = 3.82925e-06
# CV_MINALPHA = 2.0e-6; CV_MAXALPHA = 0.02
# CV_NALPHA = 100

 STANDARDIZE = 1
 CONV_TOL = 1.0e-8
/

&cell
14.726
1.0 0.0 0.0
0.0 1.0 0.0
0.0 0.0 1.0
/

&position
  1    0.000000000000000    0.000000000000000    0.000000000000000
  1    0.000000000000000    0.000000000000000    0.500000000000000
  1    0.000000000000000    0.500000000000000    0.000000000000000
  1    0.000000000000000    0.500000000000000    0.500000000000000
  1    0.500000000000000    0.000000000000000    0.000000000000000
  1    0.500000000000000    0.000000000000000    0.500000000000000
  1    0.500000000000000    0.500000000000000    0.000000000000000
  1    0.500000000000000    0.500000000000000    0.500000000000000
  2    0.250000000000000    0.250000000000000    0.250000000000000
  2    0.250000000000000    0.250000000000000    0.750000000000000
  2    0.250000000000000    0.750000000000000    0.250000000000000
  2    0.250000000000000    0.750000000000000    0.750000000000000
  2    0.750000000000000    0.250000000000000    0.250000000000000
  2    0.750000000000000    0.250000000000000    0.750000000000000
  2    0.750000000000000    0.750000000000000    0.250000000000000
  2    0.750000000000000    0.750000000000000    0.750000000000000
  3    0.000000000000000    0.250000000000000    0.250000000000000
  3    0.000000000000000    0.250000000000000    0.750000000000000
  3    0.000000000000000    0.750000000000000    0.250000000000000
  3    0.000000000000000    0.750000000000000    0.750000000000000
  3    0.250000000000000    0.000000000000000    0.250000000000000
  3    0.250000000000000    0.000000000000000    0.750000000000000
  3    0.250000000000000    0.250000000000000    0.000000000000000
  3    0.250000000000000    0.250000000000000    0.500000000000000
  3    0.250000000000000    0.500000000000000    0.250000000000000
  3    0.250000000000000    0.500000000000000    0.750000000000000
  3    0.250000000000000    0.750000000000000    0.000000000000000
  3    0.250000000000000    0.750000000000000    0.500000000000000
  3    0.500000000000000    0.250000000000000    0.250000000000000
  3    0.500000000000000    0.250000000000000    0.750000000000000
  3    0.500000000000000    0.750000000000000    0.250000000000000
  3    0.500000000000000    0.750000000000000    0.750000000000000
  3    0.750000000000000    0.000000000000000    0.250000000000000
  3    0.750000000000000    0.000000000000000    0.750000000000000
  3    0.750000000000000    0.250000000000000    0.000000000000000
  3    0.750000000000000    0.250000000000000    0.500000000000000
  3    0.750000000000000    0.500000000000000    0.250000000000000
  3    0.750000000000000    0.500000000000000    0.750000000000000
  3    0.750000000000000    0.750000000000000    0.000000000000000
  3    0.750000000000000    0.750000000000000    0.500000000000000
/

