      0.0000000       0.0000000       0.0000000	 3.10322425E-04 -3.70385746E-06 -3.70385746E-06
      0.0000000       0.0000000       0.0000000	 3.10322425E-04 -3.70385746E-06  3.70385746E-06
      0.0000000       0.0000000       0.0000000	 3.10322425E-04  3.70385746E-06 -3.70385746E-06
      0.0000000       0.0000000       0.0000000	 3.10322425E-04  3.70385746E-06  3.70385746E-06
      0.0000000       0.0000000       0.0000000	-1.95208029E-04  9.43174876E-07  9.43174876E-07
      0.0000000       0.0000000       0.0000000	-1.95208029E-04  9.43174876E-07 -9.43174876E-07
      0.0000000       0.0000000       0.0000000	-1.95208029E-04 -9.43174876E-07  9.43174876E-07
      0.0000000       0.0000000       0.0000000	-1.95208029E-04 -9.43174876E-07 -9.43174876E-07
      0.0000000       0.0000000       0.0000000	 9.18909028E-05 -0.00000000E+00 -0.00000000E+00
      0.0000000       0.0000000       0.0000000	-2.49002057E-05 -0.00000000E+00 -0.00000000E+00
      0.0000000       0.0000000       0.0000000	-2.49002057E-05 -0.00000000E+00 -0.00000000E+00
      0.0000000       0.0000000       0.0000000	 1.50285679E-06 -0.00000000E+00 -0.00000000E+00
      0.0000000       0.0000000       0.0000000	-1.13651600E-04 -0.00000000E+00 -0.00000000E+00
      0.0000000       0.0000000       0.0000000	-2.67768320E-05 -0.00000000E+00 -0.00000000E+00
      0.0000000       0.0000000       0.0000000	-2.67768320E-05 -0.00000000E+00 -0.00000000E+00
      0.0000000       0.0000000       0.0000000	-1.36050545E-06 -0.00000000E+00 -0.00000000E+00
      0.0188972       0.0000000       0.0000000	-7.55749226E-03 -0.00000000E+00 -0.00000000E+00
      0.0000000       0.0000000       0.0000000	-3.94032404E-04 -0.00000000E+00 -0.00000000E+00
      0.0000000       0.0000000       0.0000000	-3.94032404E-04 -0.00000000E+00 -0.00000000E+00
      0.0000000       0.0000000       0.0000000	-7.15630534E-05 -0.00000000E+00 -0.00000000E+00
      0.0000000       0.0000000       0.0000000	 5.29919984E-04 -9.90386904E-04 -0.00000000E+00
      0.0000000       0.0000000       0.0000000	-1.81867452E-06 -9.94623607E-05 -0.00000000E+00
      0.0000000       0.0000000       0.0000000	 5.29919984E-04 -0.00000000E+00 -9.90386904E-04
      0.0000000       0.0000000       0.0000000	 5.29919984E-04 -0.00000000E+00  9.90386904E-04
      0.0000000       0.0000000       0.0000000	 5.29919984E-04  9.90386904E-04 -0.00000000E+00
      0.0000000       0.0000000       0.0000000	-1.81867452E-06  9.94623607E-05 -0.00000000E+00
      0.0000000       0.0000000       0.0000000	-1.81867452E-06 -0.00000000E+00 -9.94623607E-05
      0.0000000       0.0000000       0.0000000	-1.81867452E-06 -0.00000000E+00  9.94623607E-05
      0.0000000       0.0000000       0.0000000	 2.77965615E-03 -0.00000000E+00 -0.00000000E+00
      0.0000000       0.0000000       0.0000000	 4.94829990E-04 -0.00000000E+00 -0.00000000E+00
      0.0000000       0.0000000       0.0000000	 4.94829990E-04 -0.00000000E+00 -0.00000000E+00
      0.0000000       0.0000000       0.0000000	 6.96424771E-05 -0.00000000E+00 -0.00000000E+00
      0.0000000       0.0000000       0.0000000	 5.32968481E-04  9.77859208E-04 -0.00000000E+00
      0.0000000       0.0000000       0.0000000	-4.00606236E-07  9.80882424E-05 -0.00000000E+00
      0.0000000       0.0000000       0.0000000	 5.32968481E-04 -0.00000000E+00  9.77859208E-04
      0.0000000       0.0000000       0.0000000	 5.32968481E-04 -0.00000000E+00 -9.77859208E-04
      0.0000000       0.0000000       0.0000000	 5.32968481E-04 -9.77859208E-04 -0.00000000E+00
      0.0000000       0.0000000       0.0000000	-4.00606236E-07 -9.80882424E-05 -0.00000000E+00
      0.0000000       0.0000000       0.0000000	-4.00606236E-07 -0.00000000E+00  9.80882424E-05
      0.0000000       0.0000000       0.0000000	-4.00606236E-07 -0.00000000E+00 -9.80882424E-05
      0.0000000       0.0000000       0.0000000	-0.00000000E+00 -3.71575897E-05 -1.66543292E-04
      0.0000000       0.0000000       0.0000000	-0.00000000E+00 -3.71575897E-05  1.66543292E-04
      0.0000000       0.0000000       0.0000000	-0.00000000E+00 -3.12426192E-05  1.60986533E-04
      0.0000000       0.0000000       0.0000000	-0.00000000E+00 -3.12426192E-05 -1.60986533E-04
      0.0000000       0.0000000       0.0000000	-0.00000000E+00  6.56838652E-06 -5.62902324E-05
      0.0000000       0.0000000       0.0000000	-0.00000000E+00  6.56838652E-06  5.62902324E-05
      0.0000000       0.0000000       0.0000000	-0.00000000E+00  7.79043001E-06  5.58569553E-05
      0.0000000       0.0000000       0.0000000	-0.00000000E+00  7.79043001E-06 -5.58569553E-05
      0.0000000       0.0000000       0.0000000	-6.25373560E-06  6.13030610E-04  0.00000000E+00
      0.0000000       0.0000000       0.0000000	-5.14954035E-07  6.43995916E-05  0.00000000E+00
      0.0000000       0.0000000       0.0000000	-5.32067311E-07 -6.65906743E-04  0.00000000E+00
      0.0000000       0.0000000       0.0000000	-6.12966435E-07 -6.08217501E-05  0.00000000E+00
      0.0000000       0.0000000       0.0000000	 6.25373560E-06  6.13030610E-04  0.00000000E+00
      0.0000000       0.0000000       0.0000000	 5.14954035E-07  6.43995916E-05  0.00000000E+00
      0.0000000       0.0000000       0.0000000	 5.32067311E-07 -6.65906743E-04  0.00000000E+00
      0.0000000       0.0000000       0.0000000	 6.12966435E-07 -6.08217501E-05  0.00000000E+00
      0.0000000       0.0188972       0.0000000	-0.00000000E+00 -2.13113339E-03  0.00000000E+00
      0.0000000       0.0000000       0.0000000	-0.00000000E+00 -7.47504011E-05  0.00000000E+00
      0.0000000       0.0000000       0.0000000	-0.00000000E+00  1.76803867E-04  0.00000000E+00
      0.0000000       0.0000000       0.0000000	-0.00000000E+00  1.34289822E-04  0.00000000E+00
      0.0000000       0.0000000       0.0000000	-5.57365790E-04  5.30110953E-04  0.00000000E+00
      0.0000000       0.0000000       0.0000000	-2.65384129E-05 -6.29301835E-07  0.00000000E+00
      0.0000000       0.0000000       0.0000000	-1.16020233E-06 -1.61725904E-04  2.43202990E-06
      0.0000000       0.0000000       0.0000000	-1.16020233E-06 -1.61725904E-04 -2.43202990E-06
      0.0000000       0.0000000       0.0000000	 5.65974934E-04  5.32842465E-04 -0.00000000E+00
      0.0000000       0.0000000       0.0000000	 2.71358218E-05 -1.60048025E-06  0.00000000E+00
      0.0000000       0.0000000       0.0000000	 2.23639404E-07  7.37492744E-05  1.55575237E-09
      0.0000000       0.0000000       0.0000000	 2.23639404E-07  7.37492744E-05 -1.55575237E-09
      0.0000000       0.0000000       0.0000000	-0.00000000E+00  9.93694045E-05  0.00000000E+00
      0.0000000       0.0000000       0.0000000	-0.00000000E+00 -1.00237125E-05  0.00000000E+00
      0.0000000       0.0000000       0.0000000	-0.00000000E+00  2.22567879E-04  0.00000000E+00
      0.0000000       0.0000000       0.0000000	-0.00000000E+00  2.00163100E-05  0.00000000E+00
      0.0000000       0.0000000       0.0000000	 5.57365790E-04  5.30110953E-04  0.00000000E+00
      0.0000000       0.0000000       0.0000000	 2.65384129E-05 -6.29301835E-07 -0.00000000E+00
      0.0000000       0.0000000       0.0000000	 1.16020233E-06 -1.61725904E-04  2.43202990E-06
      0.0000000       0.0000000       0.0000000	 1.16020233E-06 -1.61725904E-04 -2.43202990E-06
      0.0000000       0.0000000       0.0000000	-5.65974934E-04  5.32842465E-04 -0.00000000E+00
      0.0000000       0.0000000       0.0000000	-2.71358218E-05 -1.60048025E-06  0.00000000E+00
      0.0000000       0.0000000       0.0000000	-2.23639404E-07  7.37492744E-05  1.55575237E-09
      0.0000000       0.0000000       0.0000000	-2.23639404E-07  7.37492744E-05 -1.55575237E-09
      0.0188972       0.0000000       0.0000000	-2.04857894E-03  0.00000000E+00 -0.00000000E+00
      0.0000000       0.0000000       0.0000000	-1.50714289E-04  0.00000000E+00 -0.00000000E+00
      0.0000000       0.0000000       0.0000000	-1.50714289E-04  0.00000000E+00 -0.00000000E+00
      0.0000000       0.0000000       0.0000000	-2.49951066E-05  0.00000000E+00 -0.00000000E+00
      0.0000000       0.0000000       0.0000000	 6.94670660E-04  0.00000000E+00 -0.00000000E+00
      0.0000000       0.0000000       0.0000000	 1.28629995E-04  0.00000000E+00 -0.00000000E+00
      0.0000000       0.0000000       0.0000000	 1.28629995E-04  0.00000000E+00 -0.00000000E+00
      0.0000000       0.0000000       0.0000000	 1.77608580E-05  0.00000000E+00 -0.00000000E+00
      0.0000000       0.0000000       0.0000000	 1.44522006E-04  4.65492389E-04  4.65492389E-04
      0.0000000       0.0000000       0.0000000	 1.44522006E-04  4.65492389E-04 -4.65492389E-04
      0.0000000       0.0000000       0.0000000	 1.44522006E-04 -4.65492389E-04  4.65492389E-04
      0.0000000       0.0000000       0.0000000	 1.44522006E-04 -4.65492389E-04 -4.65492389E-04
      0.0000000       0.0000000       0.0000000	 1.45872399E-04 -4.61658626E-04 -4.61658626E-04
      0.0000000       0.0000000       0.0000000	 1.45872399E-04 -4.61658626E-04  4.61658626E-04
      0.0000000       0.0000000       0.0000000	 1.45872399E-04  4.61658626E-04 -4.61658626E-04
      0.0000000       0.0000000       0.0000000	 1.45872399E-04  4.61658626E-04  4.61658626E-04
      0.0000000       0.0000000       0.0000000	 3.10356263E-04  2.64866841E-07  2.64866841E-07
      0.0000000       0.0000000       0.0000000	 3.10356263E-04  2.64866841E-07 -2.64866841E-07
      0.0000000       0.0000000       0.0000000	 3.10356263E-04 -2.64866841E-07  2.64866841E-07
      0.0000000       0.0000000       0.0000000	 3.10356263E-04 -2.64866841E-07 -2.64866841E-07
      0.0000000       0.0000000       0.0000000	-3.09225231E-05  0.00000000E+00 -1.61905983E-04
      0.0000000       0.0000000       0.0000000	-3.09225231E-05  0.00000000E+00  1.61905983E-04
      0.0000000       0.0000000       0.0000000	-3.09225231E-05 -1.61905983E-04 -0.00000000E+00
      0.0000000       0.0000000       0.0000000	 7.37971138E-06 -5.63330155E-05 -0.00000000E+00
      0.0000000       0.0000000       0.0000000	 7.37971138E-06  0.00000000E+00 -5.63330155E-05
      0.0000000       0.0000000       0.0000000	 7.37971138E-06  0.00000000E+00  5.63330155E-05
      0.0000000       0.0000000       0.0000000	-3.09225231E-05  1.61905983E-04 -0.00000000E+00
      0.0000000       0.0000000       0.0000000	 7.37971138E-06  5.63330155E-05 -0.00000000E+00
      0.0000000       0.0000000       0.0000000	-1.95290484E-04 -2.73034541E-07 -2.73034541E-07
      0.0000000       0.0000000       0.0000000	-1.95290484E-04 -2.73034541E-07  2.73034541E-07
      0.0000000       0.0000000       0.0000000	-1.95290484E-04  2.73034541E-07 -2.73034541E-07
      0.0000000       0.0000000       0.0000000	-1.95290484E-04  2.73034541E-07  2.73034541E-07
      0.0000000       0.0000000       0.0000000	-3.75103565E-05  0.00000000E+00  1.65618008E-04
      0.0000000       0.0000000       0.0000000	-3.75103565E-05  0.00000000E+00 -1.65618008E-04
      0.0000000       0.0000000       0.0000000	-3.75103565E-05  1.65618008E-04 -0.00000000E+00
      0.0000000       0.0000000       0.0000000	 6.92115337E-06  5.58165058E-05 -0.00000000E+00
      0.0000000       0.0000000       0.0000000	 6.92115337E-06  0.00000000E+00  5.58165058E-05
      0.0000000       0.0000000       0.0000000	 6.92115337E-06  0.00000000E+00 -5.58165058E-05
      0.0000000       0.0000000       0.0000000	-3.75103565E-05 -1.65618008E-04 -0.00000000E+00
      0.0000000       0.0000000       0.0000000	 6.92115337E-06 -5.58165058E-05 -0.00000000E+00
      0.0000000       0.0000000       0.0000000	 1.45592752E-04  4.58494615E-04  4.58494615E-04
      0.0000000       0.0000000       0.0000000	 1.45592752E-04  4.58494615E-04 -4.58494615E-04
      0.0000000       0.0000000       0.0000000	 1.45592752E-04 -4.58494615E-04  4.58494615E-04
      0.0000000       0.0000000       0.0000000	 1.45592752E-04 -4.58494615E-04 -4.58494615E-04
      0.0000000       0.0000000       0.0000000	 1.44772093E-04 -4.68594170E-04 -4.68594170E-04
      0.0000000       0.0000000       0.0000000	 1.44772093E-04 -4.68594170E-04  4.68594170E-04
      0.0000000       0.0000000       0.0000000	 1.44772093E-04  4.68594170E-04 -4.68594170E-04
      0.0000000       0.0000000       0.0000000	 1.44772093E-04  4.68594170E-04  4.68594170E-04
      0.0188972       0.0000000       0.0000000	-6.87815393E-03 -0.00000000E+00 -0.00000000E+00
      0.0000000       0.0000000       0.0000000	-1.10600770E-04 -0.00000000E+00 -0.00000000E+00
      0.0000000       0.0000000       0.0000000	-1.10600770E-04 -0.00000000E+00 -0.00000000E+00
      0.0000000       0.0000000       0.0000000	-1.09000290E-04 -0.00000000E+00 -0.00000000E+00
      0.0000000       0.0000000       0.0000000	 6.00491518E-03 -0.00000000E+00 -0.00000000E+00
      0.0000000       0.0000000       0.0000000	 1.24707166E-04 -0.00000000E+00 -0.00000000E+00
      0.0000000       0.0000000       0.0000000	 1.24707166E-04 -0.00000000E+00 -0.00000000E+00
      0.0000000       0.0000000       0.0000000	 1.13771004E-04 -0.00000000E+00 -0.00000000E+00
      0.0000000       0.0000000       0.0000000	-1.10931367E-04 -0.00000000E+00 -0.00000000E+00
      0.0000000       0.0000000       0.0000000	-2.77655126E-05 -0.00000000E+00 -0.00000000E+00
      0.0000000       0.0000000       0.0000000	-2.77655126E-05 -0.00000000E+00 -0.00000000E+00
      0.0000000       0.0000000       0.0000000	-1.19403995E-07 -0.00000000E+00 -0.00000000E+00
      0.0000000       0.0000000       0.0000000	 6.13114620E-04  1.36610616E-05 -0.00000000E+00
      0.0000000       0.0000000       0.0000000	 6.43785889E-05  8.89501419E-07 -0.00000000E+00
      0.0000000       0.0000000       0.0000000	 6.13114620E-04 -0.00000000E+00  1.36610616E-05
      0.0000000       0.0000000       0.0000000	 6.13114620E-04 -0.00000000E+00 -1.36610616E-05
      0.0000000       0.0000000       0.0000000	 6.13114620E-04 -1.36610616E-05 -0.00000000E+00
      0.0000000       0.0000000       0.0000000	 6.43785889E-05 -8.89501419E-07 -0.00000000E+00
      0.0000000       0.0000000       0.0000000	 6.43785889E-05 -0.00000000E+00  8.89501419E-07
      0.0000000       0.0000000       0.0000000	 6.43785889E-05 -0.00000000E+00 -8.89501419E-07
      0.0000000       0.0000000       0.0000000	 9.01301801E-05 -0.00000000E+00 -0.00000000E+00
      0.0000000       0.0000000       0.0000000	-2.39500299E-05 -0.00000000E+00 -0.00000000E+00
      0.0000000       0.0000000       0.0000000	-2.39500299E-05 -0.00000000E+00 -0.00000000E+00
      0.0000000       0.0000000       0.0000000	 2.04581437E-07 -0.00000000E+00 -0.00000000E+00
      0.0000000       0.0000000       0.0000000	-6.65850736E-04  3.00299102E-06 -0.00000000E+00
      0.0000000       0.0000000       0.0000000	-6.09065386E-05  1.71949531E-06 -0.00000000E+00
      0.0000000       0.0000000       0.0000000	-6.65850736E-04 -0.00000000E+00  3.00299102E-06
      0.0000000       0.0000000       0.0000000	-6.65850736E-04 -0.00000000E+00 -3.00299102E-06
      0.0000000       0.0000000       0.0000000	-6.65850736E-04 -3.00299102E-06 -0.00000000E+00
      0.0000000       0.0000000       0.0000000	-6.09065386E-05 -1.71949531E-06 -0.00000000E+00
      0.0000000       0.0000000       0.0000000	-6.09065386E-05 -0.00000000E+00  1.71949531E-06
      0.0000000       0.0000000       0.0000000	-6.09065386E-05 -0.00000000E+00 -1.71949531E-06
