&general
 PREFIX = STO_anharm
 MODE = optimize
 NAT = 40; NKD = 3
 KD = Sr Ti O
 NMAXSAVE = 3
/

&interaction
 NORDER = 5 
 NBODY = 2 3 3 2 2 
/

&cutoff 
*-* None None 12.0 12.0 12.0 12.0 12.0
/

&optimize
 LMODEL = enet

 NDATA = 40
 DFSET = DFSET_AIMD+random
 FC2XML = STO222.xml

 CV = 0
 L1_ALPHA = 3.4548e-06 
/

&cell
14.726
1.0 0.0 0.0
0.0 1.0 0.0
0.0 0.0 1.0
/

&position
  1    0.000000000000000    0.000000000000000    0.000000000000000
  1    0.000000000000000    0.000000000000000    0.500000000000000
  1    0.000000000000000    0.500000000000000    0.000000000000000
  1    0.000000000000000    0.500000000000000    0.500000000000000
  1    0.500000000000000    0.000000000000000    0.000000000000000
  1    0.500000000000000    0.000000000000000    0.500000000000000
  1    0.500000000000000    0.500000000000000    0.000000000000000
  1    0.500000000000000    0.500000000000000    0.500000000000000
  2    0.250000000000000    0.250000000000000    0.250000000000000
  2    0.250000000000000    0.250000000000000    0.750000000000000
  2    0.250000000000000    0.750000000000000    0.250000000000000
  2    0.250000000000000    0.750000000000000    0.750000000000000
  2    0.750000000000000    0.250000000000000    0.250000000000000
  2    0.750000000000000    0.250000000000000    0.750000000000000
  2    0.750000000000000    0.750000000000000    0.250000000000000
  2    0.750000000000000    0.750000000000000    0.750000000000000
  3    0.000000000000000    0.250000000000000    0.250000000000000
  3    0.000000000000000    0.250000000000000    0.750000000000000
  3    0.000000000000000    0.750000000000000    0.250000000000000
  3    0.000000000000000    0.750000000000000    0.750000000000000
  3    0.250000000000000    0.000000000000000    0.250000000000000
  3    0.250000000000000    0.000000000000000    0.750000000000000
  3    0.250000000000000    0.250000000000000    0.000000000000000
  3    0.250000000000000    0.250000000000000    0.500000000000000
  3    0.250000000000000    0.500000000000000    0.250000000000000
  3    0.250000000000000    0.500000000000000    0.750000000000000
  3    0.250000000000000    0.750000000000000    0.000000000000000
  3    0.250000000000000    0.750000000000000    0.500000000000000
  3    0.500000000000000    0.250000000000000    0.250000000000000
  3    0.500000000000000    0.250000000000000    0.750000000000000
  3    0.500000000000000    0.750000000000000    0.250000000000000
  3    0.500000000000000    0.750000000000000    0.750000000000000
  3    0.750000000000000    0.000000000000000    0.250000000000000
  3    0.750000000000000    0.000000000000000    0.750000000000000
  3    0.750000000000000    0.250000000000000    0.000000000000000
  3    0.750000000000000    0.250000000000000    0.500000000000000
  3    0.750000000000000    0.500000000000000    0.250000000000000
  3    0.750000000000000    0.500000000000000    0.750000000000000
  3    0.750000000000000    0.750000000000000    0.000000000000000
  3    0.750000000000000    0.750000000000000    0.500000000000000
/

