&general
 PREFIX = si222
 MODE = suggest
 NAT = 64; NKD = 1
 KD = Si
/

&interaction
 NORDER = 1
/

&cutoff
 Si-Si None 7.6
/

&cell
20.43323064935040468756
1.0 0.0 0.0
0.0 1.0 0.0
0.0 0.0 1.0
/

&position
1 0.000000000000000 0.000000000000000 0.000000000000000
1 0.000000000000000 0.000000000000000 0.500000000000000
1 0.000000000000000 0.250000000000000 0.250000000000000
1 0.000000000000000 0.250000000000000 0.750000000000000
1 0.000000000000000 0.500000000000000 0.000000000000000
1 0.000000000000000 0.500000000000000 0.500000000000000
1 0.000000000000000 0.750000000000000 0.250000000000000
1 0.000000000000000 0.750000000000000 0.750000000000000
1 0.125000000000000 0.125000000000000 0.125000000000000
1 0.125000000000000 0.125000000000000 0.625000000000000
1 0.125000000000000 0.375000000000000 0.375000000000000
1 0.125000000000000 0.375000000000000 0.875000000000000
1 0.125000000000000 0.625000000000000 0.125000000000000
1 0.125000000000000 0.625000000000000 0.625000000000000
1 0.125000000000000 0.875000000000000 0.375000000000000
1 0.125000000000000 0.875000000000000 0.875000000000000
1 0.250000000000000 0.000000000000000 0.250000000000000
1 0.250000000000000 0.000000000000000 0.750000000000000
1 0.250000000000000 0.250000000000000 0.000000000000000
1 0.250000000000000 0.250000000000000 0.500000000000000
1 0.250000000000000 0.500000000000000 0.250000000000000
1 0.250000000000000 0.500000000000000 0.750000000000000
1 0.250000000000000 0.750000000000000 0.000000000000000
1 0.250000000000000 0.750000000000000 0.500000000000000
1 0.375000000000000 0.125000000000000 0.375000000000000
1 0.375000000000000 0.125000000000000 0.875000000000000
1 0.375000000000000 0.375000000000000 0.125000000000000
1 0.375000000000000 0.375000000000000 0.625000000000000
1 0.375000000000000 0.625000000000000 0.375000000000000
1 0.375000000000000 0.625000000000000 0.875000000000000
1 0.375000000000000 0.875000000000000 0.125000000000000
1 0.375000000000000 0.875000000000000 0.625000000000000
1 0.500000000000000 0.000000000000000 0.000000000000000
1 0.500000000000000 0.000000000000000 0.500000000000000
1 0.500000000000000 0.250000000000000 0.250000000000000
1 0.500000000000000 0.250000000000000 0.750000000000000
1 0.500000000000000 0.500000000000000 0.000000000000000
1 0.500000000000000 0.500000000000000 0.500000000000000
1 0.500000000000000 0.750000000000000 0.250000000000000
1 0.500000000000000 0.750000000000000 0.750000000000000
1 0.625000000000000 0.125000000000000 0.125000000000000
1 0.625000000000000 0.125000000000000 0.625000000000000
1 0.625000000000000 0.375000000000000 0.375000000000000
1 0.625000000000000 0.375000000000000 0.875000000000000
1 0.625000000000000 0.625000000000000 0.125000000000000
1 0.625000000000000 0.625000000000000 0.625000000000000
1 0.625000000000000 0.875000000000000 0.375000000000000
1 0.625000000000000 0.875000000000000 0.875000000000000
1 0.750000000000000 0.000000000000000 0.250000000000000
1 0.750000000000000 0.000000000000000 0.750000000000000
1 0.750000000000000 0.250000000000000 0.000000000000000
1 0.750000000000000 0.250000000000000 0.500000000000000
1 0.750000000000000 0.500000000000000 0.250000000000000
1 0.750000000000000 0.500000000000000 0.750000000000000
1 0.750000000000000 0.750000000000000 0.000000000000000
1 0.750000000000000 0.750000000000000 0.500000000000000
1 0.875000000000000 0.125000000000000 0.375000000000000
1 0.875000000000000 0.125000000000000 0.875000000000000
1 0.875000000000000 0.375000000000000 0.125000000000000
1 0.875000000000000 0.375000000000000 0.625000000000000
1 0.875000000000000 0.625000000000000 0.375000000000000
1 0.875000000000000 0.625000000000000 0.875000000000000
1 0.875000000000000 0.875000000000000 0.125000000000000
1 0.875000000000000 0.875000000000000 0.625000000000000
/

